23 0.29460040983606556 0.7202459646425826 0.17879098360655737 0.08623366641045349
21 0.6345440573770492 0.38837817063797075 0.16854508196721313 0.053870099923136044
16 0.6358504098360656 0.5380784012298232 0.1831967213114754 0.10122598001537278
24 0.5679508196721312 0.7821368178324365 0.18528176229508198 0.12199461952344351
49 0.8530276639344262 0.5543927747886241 0.2303688524590164 0.07073020753266718
12 0.2560399590163934 0.8142890084550347 0.4369415983606557 0.1131552651806303
19 0.2863422131147541 0.5575441967717141 0.16298155737704917 0.07155265180630285
12 0.3389702868852459 0.7430169100691776 0.24419569672131147 0.03330899308224443
8 0.8222336065573771 0.8153996925441968 0.20662397540983607 0.08070714834742505
29 0.4883862704918033 0.5835242121445042 0.146859631147541 0.07814373558800923
5 0.3150614754098361 0.37151037663335895 0.4422797131147541 0.11529592621060722
