23 0.5548235913638757 0.7118285939968404 0.08077935755660874 0.09859004739336492
13 0.8428962611901001 0.35294233807266984 0.19203791469194312 0.10300157977883097
19 0.3746445497630332 0.7711492890995261 0.20730384412848868 0.06900078988941548
9 0.8778883622959451 0.5287243285939969 0.2223959978936282 0.12319510268562402
24 0.24866771985255398 0.584873617693523 0.2553501843075303 0.05732227488151658
49 0.22172722485518695 0.7415047393364929 0.15972617166929962 0.06817140600315956
16 0.5927330173775671 0.5349170616113744 0.1736545550289626 0.09718404423380726
11 0.39811479726171667 0.5345971563981042 0.09342812006319115 0.05507898894154819
12 0.790115850447604 0.7405687203791469 0.3931911532385466 0.11485387045813586
43 0.751274354923644 0.778041074249605 0.2001053185887309 0.10005134281200632
29 0.6117272248551869 0.39625987361769355 0.18430753027909427 0.03949447077409163
0 0.3080568720379147 0.3837559241706161 0.20888362295945234 0.08557266982622433
11 0.2650500263296472 0.5390995260663507 0.17552922590837283 0.06977488151658767
