11 0.7419828049435787 0.7210314262691377 0.21188070929607739 0.08363819500402901
19 0.35956475013433636 0.7935012087026592 0.18315421816227836 0.073883964544722
49 0.14242342826437399 0.4134407735697019 0.15965609887157442 0.04590249798549557
12 0.653498119290704 0.6159508460918613 0.6469854916711445 0.07866236905721193
23 0.5227888232133262 0.7213336019339243 0.09254164427727028 0.10593473005640612
24 0.20409994626544867 0.6074818694601128 0.28277807630306284 0.06197824335213538
9 0.3984846856528748 0.37649476228847706 0.18621708758731864 0.09987107171635777
16 0.6473723804406233 0.5345366639806608 0.1693068242880172 0.06986704270749396
29 0.35236432025792586 0.5625906526994359 0.08837184309511016 0.06250201450443191
13 0.7872702847931219 0.35943593875906527 0.21523374529822675 0.11101531023368252
0 0.16187533584094574 0.7987510072522159 0.24046211714132187 0.10878323932312652
43 0.6810854379365933 0.8032836422240129 0.18807092960773777 0.09367445608380338
