19 0.3546741452991453 0.7634174679487179 0.19098824786324786 0.07267227564102563
0 0.09025641025641026 0.7720913461538462 0.11868589743589744 0.09864983974358973
43 0.6720032051282051 0.7725641025641026 0.1855181623931624 0.09505208333333333
23 0.5163087606837606 0.6963020833333333 0.11564102564102563 0.09897435897435897
49 0.1519871794871795 0.38196714743589744 0.15909722222222222 0.04268830128205128
11 0.7353098290598291 0.6965825320512821 0.21473290598290598 0.08736378205128205
12 0.6773237179487179 0.5943429487179487 0.59116452991453 0.07359775641025641
16 0.6534081196581197 0.5103205128205128 0.20058760683760685 0.08306891025641026
9 0.40147970085470086 0.3473357371794872 0.1910844017094017 0.09940705128205128
13 0.7907318376068376 0.33563301282051283 0.2167895299145299 0.11037660256410256
29 0.3532745726495727 0.5343669871794872 0.08743055555555555 0.05733573717948719
0 0.21379273504273505 0.7569551282051281 0.11664529914529916 0.09336538461538461
24 0.203349358974359 0.5756530448717948 0.272232905982906 0.06501602564102564
29 0.4316613247863248 0.5344030448717948 0.07585470085470085 0.05719150641025641
