11 0.1221099947117927 0.544020618556701 0.18663670015864622 0.09324345757335448
29 0.5533315705975673 0.5499682791435369 0.19239026969857217 0.06283505154639175
49 0.8811528291909043 0.5482038065027756 0.18172395557905868 0.06724028548770818
0 0.2217028027498678 0.7130372720063441 0.17781597038603913 0.1061340206185567
23 0.3794341618191433 0.7597541633624108 0.1301639344262295 0.0991157811260904
43 0.5718402961396086 0.7103885804916732 0.15890005288207298 0.07440126883425852
13 0.7683553675304072 0.6901189532117368 0.1747065044949762 0.10788263283108643
24 0.30570068746694873 0.5321134020618556 0.20479640401903754 0.053568596352101504
9 0.3864886303543099 0.34569785884218873 0.16542041248016923 0.10367961934972245
12 0.5909360126916975 0.3686082474226804 0.3204812268640931 0.049052339413164156
16 0.6755314648334215 0.49575733544805706 0.18648334214701215 0.06279936558287073
19 0.3753358011634056 0.7015662172878667 0.1325330512956108 0.06204203013481364
