19 0.3175436739015352 0.843546465448769 0.22675489677077817 0.08431691818903891
49 0.8908946532556908 0.6118387609213661 0.18028586553732134 0.08366957903097696
29 0.5499788247750133 0.6077958697378872 0.175214399152991 0.06369340746624305
24 0.3146638433033351 0.5966441620333598 0.20289041821069348 0.0554924543288324
16 0.8008364213869772 0.40903097696584595 0.2056537850714664 0.08467037331215249
13 0.7739332980412917 0.7510087370929309 0.16677077818951824 0.1159888800635425
9 0.3925833774483854 0.4076409849086577 0.17137638962413976 0.10128673550436855
0 0.23369507676019058 0.7827521842732328 0.1824510322922181 0.0931691818903892
43 0.5007781895182637 0.8318745035742652 0.1987665431445209 0.0897934868943606
29 0.6618475383800952 0.6143725178713264 0.07867654843832717 0.05322478157267673
12 0.5594070937003706 0.43926528991262903 0.24574377977766013 0.050579825258141385
23 0.7385442032821599 0.8152938840349483 0.11591847538380096 0.09968625893566323
11 0.12930651138168342 0.6191739475774424 0.16920592906299628 0.08575456711675934
