11 0.12985887096774193 0.5698563327032136 0.18619455645161292 0.09572778827977316
24 0.37156249999999996 0.5769943289224954 0.23410282258064516 0.06382230623818526
43 0.5317842741935483 0.7162986767485822 0.17375000000000002 0.06860869565217391
9 0.28819556451612904 0.6845671077504726 0.14451612903225808 0.1080037807183365
0 0.6762752016129032 0.3744461247637051 0.2147983870967742 0.06224196597353497
19 0.5895967741935484 0.5496068052930057 0.15824092741935483 0.05568620037807183
49 0.27199596774193546 0.3953648393194707 0.11903225806451613 0.05196597353497164
16 0.8556149193548387 0.5469565217391305 0.20981854838709676 0.09883175803402647
23 0.17672379032258065 0.7475425330812855 0.16022177419354838 0.10608317580340264
29 0.4390877016129032 0.39790548204158793 0.13868951612903227 0.036022684310018906
13 0.7476360887096773 0.6913875236294896 0.16145665322580643 0.10934215500945178
12 0.6940625 0.7919810964083176 0.4984576612903226 0.0800718336483932
