19 0.30689514066496165 0.7650594553126199 0.2158618925831202 0.07978902953586497
43 0.5181636828644501 0.7072727272727273 0.1677084398976982 0.08024165707710011
13 0.7480153452685422 0.6788224012274645 0.16209718670076725 0.11166474875335636
49 0.9023580562659846 0.7644418872266974 0.1498772378516624 0.09233218258534714
29 0.6956419437340153 0.5520483314154201 0.1419846547314578 0.06871499808208668
9 0.38882864450127874 0.3454392021480629 0.16741687979539643 0.10072880705792099
11 0.13460358056265984 0.5445569620253164 0.1790537084398977 0.09439202148062908
16 0.4917084398976982 0.5088224012274645 0.13437340153452684 0.0784541618718834
29 0.5670281329923273 0.5403950901419255 0.06798976982097187 0.051871883390870725
23 0.850455242966752 0.5028768699654775 0.12055754475703324 0.10588032220943612
24 0.3126342710997443 0.5221173762945915 0.19646547314578003 0.05604142692750287
12 0.5473145780051151 0.37910625239739165 0.22506393861892582 0.05242424242424242
0 0.23017902813299232 0.7083505945531262 0.17732480818414323 0.09205983889528194
