11 0.13736680327868853 0.5768344218209758 0.22236680327868852 0.10018440261237033
24 0.3157838114754098 0.5541990011525163 0.19668545081967215 0.05235497502881291
9 0.39006147540983604 0.3673914713791779 0.18130122950819672 0.11413369189396849
12 0.5861065573770492 0.4062427967729543 0.34456967213114753 0.06889742604686899
29 0.6578176229508197 0.5793930080676143 0.22843750000000002 0.074567806377257
16 0.5087192622950819 0.5247368421052632 0.1898002049180328 0.08306953515174798
23 0.8473463114754098 0.5328620822128314 0.12592725409836067 0.10444487130234345
0 0.23383196721311475 0.7311909335382251 0.22062500000000002 0.07850941221667307
43 0.5351793032786886 0.7371763349980791 0.1744108606557377 0.07767191701882444
13 0.7540112704918033 0.7023780253553592 0.18174180327868852 0.12588935843257779
49 0.9169518442622951 0.7801229350749136 0.16609631147540985 0.10210142143680367
19 0.31749487704918034 0.7909296965040338 0.21718237704918034 0.07964656165962351
