21 0.7765625 0.8986111111111111 0.078125 0.11388888888888889
21 0.30625 0.31527777777777777 0.0828125 0.12222222222222222
21 0.22109375 0.30972222222222223 0.0796875 0.1361111111111111
21 0.1390625 0.6388888888888888 0.0765625 0.1361111111111111
21 0.16015625 0.8027777777777778 0.0703125 0.13333333333333333
21 0.09609375 0.7944444444444444 0.0703125 0.13333333333333333
21 0.053125 0.9388888888888889 0.0703125 0.12222222222222222
21 0.82109375 0.7402777777777778 0.078125 0.11944444444444445
21 0.88828125 0.5125 0.065625 0.15555555555555556
21 0.90390625 0.19305555555555556 0.0703125 0.1361111111111111
21 0.85546875 0.34305555555555556 0.08125 0.11666666666666667
21 0.81171875 0.2611111111111111 0.078125 0.11666666666666667
21 0.81875 0.10694444444444444 0.0796875 0.13055555555555556
21 0.765625 0.1736111111111111 0.0796875 0.12777777777777777
21 0.71328125 0.09305555555555556 0.084375 0.12222222222222222
21 0.6625 0.16527777777777777 0.0796875 0.12777777777777777
21 0.61640625 0.08333333333333333 0.0828125 0.12222222222222222
21 0.5703125 0.16805555555555557 0.0703125 0.14444444444444443
21 0.4890625 0.15833333333333333 0.084375 0.12777777777777777
21 0.29296875 0.9513888888888888 0.08125 0.09722222222222222
21 0.35859375 0.8902777777777777 0.0859375 0.11666666666666667
21 0.56796875 0.9041666666666667 0.075 0.14444444444444443
21 0.671875 0.8222222222222222 0.084375 0.12222222222222222
21 0.44453125 0.8944444444444445 0.084375 0.11944444444444445
21 0.5234375 0.8208333333333333 0.0875 0.12222222222222222
21 0.62890625 0.7402777777777778 0.084375 0.12222222222222222
21 0.834375 0.5833333333333334 0.075 0.12222222222222222
21 0.7953125 0.5027777777777778 0.078125 0.11944444444444445
21 0.74453125 0.4152777777777778 0.084375 0.11944444444444445
21 0.68671875 0.33194444444444443 0.0859375 0.11944444444444445
21 0.63671875 0.4083333333333333 0.0796875 0.12222222222222222
21 0.59765625 0.32083333333333336 0.0828125 0.125
21 0.5265625 0.3138888888888889 0.075 0.1388888888888889
21 0.52265625 0.4638888888888889 0.0859375 0.13333333333333333
21 0.4125 0.5666666666666667 0.0875 0.11944444444444445
21 0.32578125 0.65 0.0859375 0.125
21 0.22890625 0.7236111111111111 0.078125 0.12222222222222222
21 0.52890625 0.5736111111111111 0.0890625 0.11388888888888889
21 0.6875 0.49722222222222223 0.0796875 0.125
21 0.64296875 0.5777777777777777 0.084375 0.12222222222222222
21 0.74609375 0.5791666666666667 0.08125 0.12777777777777777
21 0.6953125 0.6611111111111111 0.08125 0.12222222222222222
