21 0.04765625 0.30972222222222223 0.0640625 0.12777777777777777
21 0.1703125 0.30416666666666664 0.0765625 0.13055555555555556
21 0.071875 0.625 0.0703125 0.11944444444444445
21 0.21875 0.5472222222222223 0.0859375 0.12222222222222222
21 0.35234375 0.39305555555555555 0.0609375 0.14444444444444443
21 0.45546875 0.3888888888888889 0.078125 0.11944444444444445
21 0.50859375 0.31527777777777777 0.0859375 0.1388888888888889
21 0.465625 0.1486111111111111 0.08125 0.12222222222222222
21 0.30234375 0.5486111111111112 0.0828125 0.12777777777777777
21 0.346875 0.7944444444444444 0.065625 0.14722222222222223
21 0.2765625 0.7972222222222223 0.078125 0.1388888888888889
21 0.34375 0.6416666666666667 0.0859375 0.11944444444444445
21 0.41015625 0.475 0.08125 0.12222222222222222
21 0.5265625 0.5583333333333333 0.0859375 0.12222222222222222
21 0.57421875 0.4847222222222222 0.084375 0.13055555555555556
21 0.58359375 0.325 0.078125 0.125
21 0.61328125 0.22777777777777777 0.0890625 0.11944444444444445
21 0.55078125 0.1527777777777778 0.08125 0.11388888888888889
21 0.50703125 0.06388888888888888 0.078125 0.11944444444444445
21 0.60078125 0.07222222222222222 0.0796875 0.12777777777777777
21 0.771875 0.33194444444444443 0.0796875 0.12222222222222222
21 0.85625 0.33055555555555555 0.065625 0.11944444444444445
21 0.6609375 0.32083333333333336 0.0859375 0.11944444444444445
21 0.6578125 0.4875 0.0875 0.11666666666666667
21 0.653125 0.6513888888888889 0.0859375 0.12222222222222222
21 0.49140625 0.7361111111111112 0.075 0.15
21 0.4140625 0.7180555555555556 0.084375 0.11944444444444445
21 0.509375 0.8847222222222222 0.075 0.1361111111111111
21 0.5921875 0.7277777777777777 0.084375 0.11944444444444445
21 0.7078125 0.7277777777777777 0.0828125 0.12222222222222222
21 0.7546875 0.6513888888888889 0.0703125 0.11944444444444445
21 0.87421875 0.5722222222222222 0.0734375 0.11388888888888889
21 0.715625 0.40694444444444444 0.0828125 0.13055555555555556
21 0.66953125 0.15833333333333333 0.0796875 0.12222222222222222
21 0.7609375 0.16666666666666666 0.0796875 0.11944444444444445
21 0.70859375 0.08194444444444444 0.078125 0.1111111111111111
21 0.80703125 0.08055555555555556 0.0734375 0.125
21 0.8359375 0.17777777777777778 0.08125 0.11666666666666667
21 0.88046875 0.09861111111111111 0.0734375 0.12222222222222222
21 0.63828125 0.8069444444444445 0.084375 0.125
21 0.7828125 0.8111111111111111 0.0828125 0.11666666666666667
21 0.83203125 0.6541666666666667 0.078125 0.12222222222222222
21 0.890625 0.7430555555555556 0.0671875 0.14444444444444443
21 0.90390625 0.9416666666666667 0.0625 0.10555555555555556
21 0.83984375 0.9458333333333333 0.071875 0.09722222222222222
21 0.70390625 0.8819444444444444 0.0796875 0.11666666666666667
21 0.70546875 0.5638888888888889 0.084375 0.12222222222222222
21 0.7640625 0.4875 0.078125 0.11666666666666667
21 0.821875 0.4111111111111111 0.075 0.12222222222222222
21 0.76484375 0.9555555555555556 0.078125 0.08888888888888889
21 0.40078125 0.025 0.08125 0.05
