21 0.23125 0.23333333333333334 0.0796875 0.13333333333333333
21 0.321875 0.23194444444444445 0.0765625 0.1361111111111111
21 0.4921875 0.2388888888888889 0.084375 0.11944444444444445
21 0.54140625 0.15694444444444444 0.0796875 0.12222222222222222
21 0.5890625 0.07916666666666666 0.0859375 0.11388888888888889
21 0.74140625 0.05694444444444444 0.0828125 0.1111111111111111
21 0.8046875 0.1736111111111111 0.078125 0.1111111111111111
21 0.7296875 0.16111111111111112 0.0796875 0.11666666666666667
21 0.6453125 0.16111111111111112 0.0875 0.125
21 0.59453125 0.24305555555555555 0.0859375 0.125
21 0.68984375 0.24583333333333332 0.0640625 0.12222222222222222
21 0.8421875 0.2611111111111111 0.065625 0.11666666666666667
21 0.75546875 0.25277777777777777 0.075 0.12777777777777777
21 0.6484375 0.3263888888888889 0.0859375 0.11666666666666667
21 0.51171875 0.4041666666666667 0.090625 0.11944444444444445
21 0.70703125 0.4097222222222222 0.0828125 0.11944444444444445
21 0.79609375 0.4041666666666667 0.071875 0.13055555555555556
21 0.92109375 0.40694444444444444 0.0578125 0.13055555555555556
21 0.86171875 0.4152777777777778 0.0671875 0.11944444444444445
21 0.6671875 0.49583333333333335 0.0796875 0.125
21 0.60078125 0.5694444444444444 0.08125 0.125
21 0.71796875 0.575 0.0875 0.12222222222222222
21 0.8703125 0.5763888888888888 0.075 0.11388888888888889
21 0.82578125 0.6583333333333333 0.0765625 0.11666666666666667
21 0.76015625 0.7361111111111112 0.0671875 0.11944444444444445
21 0.87265625 0.7375 0.078125 0.11944444444444445
21 0.86953125 0.8888888888888888 0.065625 0.11388888888888889
21 0.76328125 0.8888888888888888 0.0859375 0.1111111111111111
21 0.7203125 0.8194444444444444 0.0796875 0.11944444444444445
21 0.6734375 0.7430555555555556 0.078125 0.1361111111111111
21 0.64140625 0.6513888888888889 0.0734375 0.14166666666666666
21 0.58671875 0.8166666666666667 0.084375 0.11944444444444445
21 0.52734375 0.7375 0.0921875 0.12777777777777777
21 0.45078125 0.5708333333333333 0.0875 0.125
21 0.271875 0.725 0.0734375 0.14166666666666666
21 0.321875 0.8902777777777777 0.084375 0.11388888888888889
21 0.18671875 0.9416666666666667 0.0734375 0.11666666666666667
