21 0.4288888888888889 0.41555555555555557 0.13333333333333333 0.18666666666666668
21 0.21333333333333335 0.4955555555555556 0.13777777777777778 0.16444444444444445
21 0.3333333333333333 0.5288888888888889 0.13777777777777778 0.14666666666666667
21 0.49777777777777776 0.5533333333333333 0.12444444444444444 0.1511111111111111
21 0.4577777777777778 0.2311111111111111 0.13777777777777778 0.1288888888888889
21 0.3711111111111111 0.3244444444444444 0.11555555555555555 0.1288888888888889
21 0.5155555555555555 0.3511111111111111 0.10666666666666667 0.14222222222222222
21 0.6177777777777778 0.3711111111111111 0.09777777777777778 0.14666666666666667
21 0.2688888888888889 0.3488888888888889 0.11555555555555555 0.10666666666666667
21 0.7688888888888888 0.4688888888888889 0.10222222222222223 0.10222222222222223
