21 0.5956678700361011 0.7335164835164835 0.1407942238267148 0.21978021978021978
21 0.43862815884476536 0.7664835164835165 0.148014440433213 0.23076923076923078
21 0.2833935018050541 0.7582417582417582 0.1588447653429603 0.2087912087912088
21 0.11732851985559567 0.7582417582417582 0.16606498194945848 0.2032967032967033
21 0.1552346570397112 0.5686813186813187 0.1407942238267148 0.2032967032967033
21 0.29422382671480146 0.5631868131868132 0.13357400722021662 0.1978021978021978
21 0.44223826714801445 0.5631868131868132 0.1371841155234657 0.18681318681318682
21 0.592057761732852 0.5521978021978022 0.1444043321299639 0.17032967032967034
21 0.7382671480144405 0.5521978021978022 0.13357400722021662 0.1978021978021978
21 0.8700361010830325 0.5521978021978022 0.13357400722021662 0.1978021978021978
21 0.7509025270758123 0.7472527472527473 0.1552346570397112 0.2087912087912088
21 0.9097472924187726 0.7362637362637363 0.1407942238267148 0.1978021978021978
