21 0.16015625 0.05416666666666667 0.0796875 0.10833333333333334
21 0.0875 0.6055555555555555 0.071875 0.1111111111111111
21 0.1921875 0.20833333333333334 0.08125 0.11666666666666667
21 0.28125 0.125 0.0796875 0.12777777777777777
21 0.42890625 0.12777777777777777 0.0859375 0.11944444444444445
21 0.52421875 0.05277777777777778 0.08125 0.10555555555555556
21 0.64375 0.05694444444444444 0.0890625 0.11388888888888889
21 0.753125 0.07083333333333333 0.0796875 0.11666666666666667
21 0.6984375 0.14444444444444443 0.0828125 0.12222222222222222
21 0.809375 0.3888888888888889 0.078125 0.11944444444444445
21 0.90078125 0.5569444444444445 0.071875 0.12777777777777777
21 0.565625 0.13333333333333333 0.0765625 0.12777777777777777
21 0.725 0.46805555555555556 0.0796875 0.13333333333333333
21 0.165625 0.6138888888888889 0.0734375 0.11944444444444445
21 0.24296875 0.28888888888888886 0.0703125 0.125
21 0.2328125 0.6041666666666666 0.0671875 0.14444444444444443
21 0.33125 0.6222222222222222 0.0796875 0.12222222222222222
21 0.20546875 0.8402777777777778 0.065625 0.125
21 0.3625 0.7819444444444444 0.0859375 0.11388888888888889
21 0.5703125 0.6305555555555555 0.08125 0.13055555555555556
21 0.303125 0.24722222222222223 0.065625 0.1638888888888889
21 0.27265625 0.8569444444444444 0.0765625 0.125
21 0.5390625 0.8388888888888889 0.065625 0.1527777777777778
21 0.7609375 0.5555555555555556 0.0796875 0.12222222222222222
21 0.6734375 0.6333333333333333 0.075 0.12222222222222222
21 0.7640625 0.7916666666666666 0.075 0.11944444444444445
21 0.6328125 0.7166666666666667 0.0765625 0.11944444444444445
21 0.6046875 0.8680555555555556 0.075 0.10833333333333334
21 0.67265625 0.7916666666666666 0.08125 0.12777777777777777
21 0.40078125 0.2875 0.084375 0.125
21 0.33046875 0.36944444444444446 0.084375 0.11944444444444445
21 0.50703125 0.3763888888888889 0.0796875 0.125
21 0.57890625 0.29583333333333334 0.08125 0.11666666666666667
21 0.63828125 0.21944444444444444 0.0796875 0.12777777777777777
21 0.796875 0.15416666666666667 0.0734375 0.11944444444444445
21 0.74921875 0.22916666666666666 0.08125 0.12777777777777777
21 0.8375 0.7875 0.078125 0.11388888888888889
21 0.715625 0.8694444444444445 0.0765625 0.1111111111111111
21 0.4125 0.9416666666666667 0.0796875 0.1111111111111111
21 0.321875 0.9375 0.084375 0.1111111111111111
21 0.51328125 0.9430555555555555 0.084375 0.10833333333333334
21 0.76796875 0.9430555555555555 0.0796875 0.11388888888888889
