19 0.1203125 0.44453125 0.196875 0.721875
19 0.553125 0.5984375 0.5203125 0.159375
36 0.75703125 0.7359375 0.153125 0.1453125
36 0.2875 0.48203125 0.1421875 0.146875
49 0.428125 0.4203125 0.1828125 0.1921875
43 0.8796875 0.6046875 0.1640625 0.190625
43 0.54296875 0.24296875 0.221875 0.2125
43 0.90859375 0.29296875 0.134375 0.15
43 0.75234375 0.38671875 0.1296875 0.15
23 0.365625 0.8953125 0.134375 0.1375
23 0.67421875 0.86796875 0.1421875 0.134375
23 0.6515625 0.359375 0.096875 0.084375
23 0.9234375 0.46875 0.0765625 0.0765625
36 0.6046875 0.44921875 0.1515625 0.1390625
25 0.38671875 0.7671875 0.284375 0.16875
25 0.603125 0.7796875 0.153125 0.1859375
25 0.3265625 0.2015625 0.2171875 0.2453125
