21 0.3290909090909091 0.39617486338797814 0.15272727272727274 0.22404371584699453
21 0.4890909090909091 0.7021857923497268 0.17454545454545456 0.22950819672131148
21 0.66 0.6502732240437158 0.13818181818181818 0.21311475409836064
21 0.6745454545454546 0.8306010928961749 0.16 0.20765027322404372
21 0.8781818181818182 0.6584699453551912 0.17454545454545456 0.19672131147540983
21 0.5163636363636364 0.27049180327868855 0.11272727272727273 0.15846994535519127
21 0.5909090909090909 0.36885245901639346 0.16363636363636364 0.15846994535519127
21 0.6545454545454545 0.2896174863387978 0.14545454545454545 0.17486338797814208
21 0.7618181818181818 0.20765027322404372 0.10545454545454545 0.12021857923497267
21 0.7672727272727272 0.33060109289617484 0.14909090909090908 0.15300546448087432
21 0.8818181818181818 0.24863387978142076 0.10909090909090909 0.20218579234972678
21 0.8363636363636363 0.13934426229508196 0.12727272727272726 0.1366120218579235
