25 0.36328125 0.6734375 0.134375 0.1828125
24 0.22265625 0.71875 0.075 0.1015625
49 0.2984375 0.37734375 0.15 0.1296875
11 0.43125 0.5265625 0.1078125 0.1484375
4 0.265625 0.5578125 0.09375 0.1546875
11 0.459375 0.37265625 0.1296875 0.1484375
13 0.64453125 0.48203125 0.2546875 0.1953125
11 0.4984375 0.7609375 0.1140625 0.09375
7 0.5265625 0.63671875 0.1015625 0.125
7 0.62265625 0.64453125 0.115625 0.10625
9 0.790625 0.58515625 0.153125 0.146875
28 0.6234375 0.73828125 0.1328125 0.1109375
10 0.81640625 0.61171875 0.353125 0.334375
