21 0.09765625 0.1 0.078125 0.10833333333333334
21 0.05234375 0.2625 0.071875 0.13055555555555556
21 0.22578125 0.25277777777777777 0.08125 0.125
21 0.16171875 0.32916666666666666 0.075 0.13055555555555556
21 0.3140625 0.25416666666666665 0.0859375 0.12222222222222222
21 0.4515625 0.25833333333333336 0.0859375 0.12222222222222222
21 0.534375 0.17916666666666667 0.0875 0.12777777777777777
21 0.34140625 0.09722222222222222 0.0828125 0.11666666666666667
21 0.48515625 0.09583333333333334 0.08125 0.1111111111111111
21 0.2515625 0.5027777777777778 0.08125 0.11944444444444445
21 0.37734375 0.5069444444444444 0.090625 0.1111111111111111
21 0.4921875 0.42777777777777776 0.0796875 0.12222222222222222
21 0.58828125 0.2652777777777778 0.0890625 0.11944444444444445
21 0.6421875 0.18472222222222223 0.0859375 0.125
21 0.58828125 0.10138888888888889 0.078125 0.11944444444444445
21 0.703125 0.11388888888888889 0.084375 0.12777777777777777
21 0.79453125 0.12083333333333333 0.08125 0.13055555555555556
21 0.7453125 0.19444444444444445 0.078125 0.11666666666666667
21 0.90546875 0.3736111111111111 0.071875 0.14166666666666666
21 0.81484375 0.2861111111111111 0.0828125 0.12222222222222222
21 0.7296875 0.3541666666666667 0.0828125 0.11666666666666667
21 0.5796875 0.5152777777777777 0.084375 0.125
21 0.76953125 0.44305555555555554 0.075 0.11944444444444445
21 0.66484375 0.5208333333333334 0.0859375 0.125
21 0.54453125 0.6013888888888889 0.0703125 0.15555555555555556
21 0.3234375 0.5847222222222223 0.0890625 0.125
21 0.82578125 0.525 0.075 0.11666666666666667
21 0.78359375 0.6 0.0734375 0.1388888888888889
21 0.70859375 0.5958333333333333 0.0796875 0.12777777777777777
21 0.62421875 0.6791666666666667 0.0875 0.125
21 0.490625 0.6791666666666667 0.084375 0.11944444444444445
21 0.41328125 0.7597222222222222 0.0796875 0.13055555555555556
21 0.32890625 0.7555555555555555 0.0859375 0.13055555555555556
21 0.2140625 0.7444444444444445 0.08125 0.11944444444444445
21 0.1171875 0.7305555555555555 0.0640625 0.13055555555555556
21 0.8375 0.05694444444444444 0.0796875 0.11388888888888889
21 0.85625 0.6833333333333333 0.071875 0.125
21 0.8125 0.7625 0.075 0.11388888888888889
21 0.74140625 0.6944444444444444 0.071875 0.1388888888888889
21 0.66953125 0.7652777777777777 0.0765625 0.12222222222222222
21 0.46484375 0.8347222222222223 0.0859375 0.12222222222222222
21 0.190625 0.9555555555555556 0.075 0.08888888888888889
21 0.27265625 0.9083333333333333 0.0703125 0.1388888888888889
21 0.365625 0.9069444444444444 0.0796875 0.1111111111111111
21 0.51171875 0.9152777777777777 0.08125 0.125
21 0.6140625 0.9180555555555555 0.08125 0.1111111111111111
21 0.7171875 0.8361111111111111 0.0828125 0.12222222222222222
21 0.82734375 0.9152777777777777 0.078125 0.11944444444444445
21 0.75234375 0.9152777777777777 0.0796875 0.12222222222222222
21 0.41328125 0.09027777777777778 0.06875 0.15
