21 0.28359375 0.18194444444444444 0.0796875 0.11944444444444445
21 0.0890625 0.4263888888888889 0.08125 0.11388888888888889
21 0.05078125 0.5805555555555556 0.071875 0.11666666666666667
21 0.1609375 0.42083333333333334 0.0671875 0.14166666666666666
21 0.2890625 0.34444444444444444 0.0796875 0.11666666666666667
21 0.1421875 0.5875 0.078125 0.12777777777777777
21 0.878125 0.6111111111111112 0.0609375 0.15555555555555556
21 0.27734375 0.6791666666666667 0.084375 0.12222222222222222
21 0.33515625 0.43333333333333335 0.0796875 0.11666666666666667
21 0.38359375 0.35138888888888886 0.08125 0.125
21 0.43046875 0.2638888888888889 0.08125 0.125
21 0.5484375 0.1875 0.0828125 0.125
21 0.66796875 0.11805555555555555 0.0875 0.12222222222222222
21 0.85390625 0.1375 0.078125 0.11944444444444445
21 0.47890625 0.3472222222222222 0.08125 0.12777777777777777
21 0.39921875 0.5180555555555556 0.0828125 0.11944444444444445
21 0.4875 0.6833333333333333 0.08125 0.11666666666666667
21 0.53125 0.43472222222222223 0.08125 0.125
21 0.6703125 0.2777777777777778 0.0859375 0.12222222222222222
21 0.75546875 0.125 0.0796875 0.12222222222222222
21 0.85703125 0.28888888888888886 0.0640625 0.125
21 0.80546875 0.20833333333333334 0.075 0.12222222222222222
21 0.8671875 0.45416666666666666 0.0671875 0.12777777777777777
21 0.7671875 0.2861111111111111 0.0828125 0.12777777777777777
21 0.43828125 0.7652777777777777 0.08125 0.12222222222222222
21 0.4828125 0.5222222222222223 0.0828125 0.11944444444444445
21 0.6015625 0.4486111111111111 0.065625 0.1638888888888889
21 0.71875 0.3611111111111111 0.0796875 0.11388888888888889
21 0.81875 0.36944444444444446 0.0796875 0.11944444444444445
21 0.8796875 0.8347222222222223 0.059375 0.1527777777777778
21 0.76953125 0.44722222222222224 0.078125 0.11944444444444445
21 0.66796875 0.44722222222222224 0.071875 0.1361111111111111
21 0.7515625 0.6125 0.0796875 0.12222222222222222
21 0.70703125 0.5263888888888889 0.08125 0.11944444444444445
21 0.80234375 0.6916666666666667 0.08125 0.12222222222222222
21 0.5421875 0.6055555555555555 0.090625 0.12777777777777777
21 0.69296875 0.6916666666666667 0.0796875 0.11944444444444445
21 0.8140625 0.8444444444444444 0.0796875 0.11666666666666667
21 0.6265625 0.6069444444444444 0.0828125 0.12222222222222222
21 0.56640625 0.7694444444444445 0.084375 0.1388888888888889
21 0.71875 0.8486111111111111 0.08125 0.12222222222222222
21 0.621875 0.8486111111111111 0.0890625 0.125
21 0.75703125 0.9277777777777778 0.0796875 0.11388888888888889
21 0.82421875 0.5347222222222222 0.078125 0.1111111111111111
21 0.6171875 0.04861111111111111 0.0859375 0.09166666666666666
