14 0.1487109375 0.11597222222222223 0.1014921875 0.1986111111111111
14 0.2736953125 0.125 0.109265625 0.15555555555555556
14 0.7490078125 0.20555555555555555 0.2552109375 0.16111111111111112
14 0.7669921875 0.6604166666666667 0.0599140625 0.10138888888888889
14 0.807609375 0.8180555555555555 0.07553125000000001 0.14722222222222223
14 0.58303125 0.38472222222222224 0.12323437500000001 0.17777777777777778
14 0.5900624999999999 0.08472222222222223 0.0810546875 0.15
14 0.46546093749999995 0.11319444444444444 0.1490546875 0.20416666666666666
14 0.3100234375 0.41041666666666665 0.0881640625 0.1486111111111111
14 0.2976015625 0.5958333333333333 0.1194140625 0.11944444444444445
14 0.10106250000000001 0.5777777777777777 0.142125 0.16666666666666666
14 0.90759375 0.8090277777777778 0.1286171875 0.2263888888888889
14 0.6205234374999999 0.625 0.090421875 0.125
14 0.651765625 0.8326388888888889 0.11385156249999999 0.10416666666666667
14 0.5236640625 0.9118055555555555 0.062328125 0.07361111111111111
