21 0.6163636363636363 0.5409836065573771 0.2290909090909091 0.3005464480874317
21 0.3418181818181818 0.4453551912568306 0.21818181818181817 0.273224043715847
21 0.32545454545454544 0.7076502732240437 0.18181818181818182 0.32786885245901637
21 0.12 0.4344262295081967 0.2290909090909091 0.30601092896174864
21 0.19454545454545455 0.7868852459016393 0.20727272727272728 0.25136612021857924
21 0.6581818181818182 0.9016393442622951 0.24 0.1912568306010929
21 0.4109090909090909 0.8989071038251366 0.23636363636363636 0.20218579234972678
21 0.48727272727272725 0.7950819672131147 0.1890909090909091 0.18032786885245902
21 0.6781818181818182 0.8005464480874317 0.22545454545454546 0.20765027322404372
21 0.07636363636363637 0.6721311475409836 0.14909090909090908 0.22950819672131148
