24 0.21640625 0.365625 0.0671875 0.1015625
11 0.30546875 0.72109375 0.0859375 0.134375
11 0.32109375 0.57578125 0.0890625 0.121875
11 0.46171875 0.34375 0.1109375 0.071875
25 0.32421875 0.4265625 0.115625 0.1609375
9 0.646875 0.56484375 0.15 0.1453125
28 0.584375 0.37265625 0.1015625 0.1390625
7 0.4421875 0.46875 0.071875 0.1390625
7 0.5328125 0.45078125 0.0796875 0.1609375
13 0.475 0.66484375 0.190625 0.184375
4 0.21171875 0.5296875 0.0671875 0.15625
49 0.19140625 0.6921875 0.0984375 0.090625
10 0.7640625 0.5140625 0.1453125 0.3421875
