21 0.9355555555555556 0.8688888888888889 0.1288888888888889 0.15555555555555556
21 0.7955555555555556 0.8577777777777778 0.10666666666666667 0.15555555555555556
21 0.6911111111111111 0.8533333333333334 0.1111111111111111 0.16
21 0.5866666666666667 0.8422222222222222 0.08 0.1511111111111111
21 0.4777777777777778 0.8377777777777777 0.07111111111111111 0.16444444444444445
21 0.4311111111111111 0.7133333333333334 0.11555555555555555 0.12444444444444444
21 0.35777777777777775 0.8266666666666667 0.08444444444444445 0.14222222222222222
21 0.13333333333333333 0.8266666666666667 0.12 0.1288888888888889
21 0.24444444444444444 0.8333333333333334 0.09333333333333334 0.1288888888888889
21 0.08 0.6977777777777778 0.10666666666666667 0.13777777777777778
21 0.26666666666666666 0.6088888888888889 0.10222222222222223 0.07555555555555556
21 0.33555555555555555 0.7022222222222222 0.10666666666666667 0.08444444444444445
21 0.46444444444444444 0.38666666666666666 0.06222222222222222 0.08444444444444445
21 0.2577777777777778 0.3888888888888889 0.08444444444444445 0.09777777777777778
21 0.2288888888888889 0.47555555555555556 0.07111111111111111 0.10222222222222223
21 0.3688888888888889 0.4688888888888889 0.08888888888888889 0.09777777777777778
21 0.45555555555555555 0.5355555555555556 0.07111111111111111 0.07111111111111111
21 0.5866666666666667 0.6022222222222222 0.10222222222222223 0.08444444444444445
21 0.4222222222222222 0.24666666666666667 0.07555555555555556 0.07111111111111111
21 0.7022222222222222 0.4866666666666667 0.09777777777777778 0.08
21 0.5911111111111111 0.44222222222222224 0.08444444444444445 0.10666666666666667
21 0.13555555555555557 0.37333333333333335 0.09333333333333334 0.07111111111111111
21 0.07555555555555556 0.5155555555555555 0.12 0.09333333333333334
21 0.78 0.6 0.08888888888888889 0.10666666666666667
21 0.6022222222222222 0.7088888888888889 0.10222222222222223 0.09333333333333334
21 0.7022222222222222 0.7044444444444444 0.06666666666666667 0.10666666666666667
21 0.8977777777777778 0.7155555555555555 0.12444444444444444 0.10666666666666667
21 0.7888888888888889 0.7088888888888889 0.09333333333333334 0.10666666666666667
21 0.4311111111111111 0.62 0.12444444444444444 0.08444444444444445
21 0.5577777777777778 0.28 0.07111111111111111 0.08444444444444445
21 0.7355555555555555 0.24666666666666667 0.07555555555555556 0.08
21 0.6533333333333333 0.3244444444444444 0.08 0.07111111111111111
21 0.24 0.2733333333333333 0.06666666666666667 0.07555555555555556
21 0.35333333333333333 0.29555555555555557 0.07111111111111111 0.07555555555555556
21 0.3288888888888889 0.12666666666666668 0.09333333333333334 0.04888888888888889
21 0.2088888888888889 0.15333333333333332 0.06222222222222222 0.04
21 0.7466666666666667 0.13777777777777778 0.06222222222222222 0.07111111111111111
21 0.5022222222222222 0.16666666666666666 0.06222222222222222 0.08444444444444445
21 0.6222222222222222 0.19555555555555557 0.06222222222222222 0.08
21 0.7688888888888888 0.35333333333333333 0.07111111111111111 0.08444444444444445
21 0.43555555555555553 0.09111111111111111 0.08444444444444445 0.07111111111111111
21 0.5133333333333333 0.44666666666666666 0.07555555555555556 0.08888888888888889
21 0.5266666666666666 0.05555555555555555 0.07111111111111111 0.06222222222222222
