21 0.88203125 0.8263888888888888 0.071875 0.12777777777777777
21 0.815625 0.8263888888888888 0.0609375 0.14166666666666666
21 0.896875 0.6708333333333333 0.0734375 0.11666666666666667
21 0.79140625 0.6736111111111112 0.075 0.1111111111111111
21 0.75390625 0.9055555555555556 0.0828125 0.12222222222222222
21 0.72421875 0.7513888888888889 0.08125 0.125
21 0.734375 0.6166666666666667 0.071875 0.1527777777777778
21 0.7625 0.5055555555555555 0.0765625 0.11388888888888889
21 0.871875 0.5097222222222222 0.0765625 0.11666666666666667
21 0.8171875 0.42916666666666664 0.075 0.12222222222222222
21 0.86171875 0.35 0.075 0.12222222222222222
21 0.7703125 0.34444444444444444 0.0734375 0.11944444444444445
21 0.70859375 0.4236111111111111 0.0890625 0.13055555555555556
21 0.67265625 0.5888888888888889 0.0765625 0.12777777777777777
21 0.82734375 0.2611111111111111 0.078125 0.11944444444444445
21 0.875 0.18888888888888888 0.0625 0.12222222222222222
21 0.81875 0.10138888888888889 0.06875 0.14166666666666666
21 0.734375 0.10138888888888889 0.0703125 0.13055555555555556
21 0.659375 0.17777777777777778 0.075 0.125
21 0.778125 0.18611111111111112 0.075 0.125
21 0.7296875 0.2569444444444444 0.0796875 0.11666666666666667
21 0.67265625 0.33194444444444443 0.0796875 0.12777777777777777
21 0.62578125 0.2638888888888889 0.078125 0.12222222222222222
21 0.578125 0.16944444444444445 0.084375 0.12222222222222222
21 0.45625 0.08333333333333333 0.0859375 0.11666666666666667
21 0.4109375 0.16666666666666666 0.0890625 0.125
21 0.3578125 0.24444444444444444 0.08125 0.12222222222222222
21 0.5015625 0.4125 0.0875 0.12777777777777777
21 0.14140625 0.4847222222222222 0.071875 0.12777777777777777
21 0.35390625 0.49583333333333335 0.08125 0.12222222222222222
21 0.45703125 0.5 0.08125 0.11944444444444445
21 0.56015625 0.4986111111111111 0.090625 0.13055555555555556
21 0.2640625 0.5708333333333333 0.0796875 0.11944444444444445
21 0.275 0.7375 0.0796875 0.12777777777777777
21 0.3625 0.6625 0.0859375 0.125
21 0.4078125 0.5791666666666667 0.0859375 0.13055555555555556
21 0.50859375 0.5847222222222223 0.0765625 0.11944444444444445
21 0.6 0.5902777777777778 0.0765625 0.1361111111111111
21 0.50703125 0.7458333333333333 0.075 0.1111111111111111
21 0.428125 0.7458333333333333 0.084375 0.12222222222222222
21 0.378125 0.8236111111111111 0.08125 0.11944444444444445
21 0.57890625 0.7166666666666667 0.071875 0.1361111111111111
21 0.55078125 0.8277777777777777 0.0796875 0.11944444444444445
21 0.67421875 0.8263888888888888 0.084375 0.125
21 0.63671875 0.75 0.078125 0.1388888888888889
21 0.91796875 0.9486111111111111 0.0578125 0.10277777777777777
21 0.85390625 0.9569444444444445 0.075 0.08611111111111111
21 0.9265625 0.34305555555555556 0.0546875 0.1361111111111111
