40 0.95859375 0.0671875 0.0828125 0.134375
40 0.89453125 0.17890625 0.1796875 0.184375
40 0.91015625 0.36484375 0.1796875 0.184375
40 0.9390625 0.56640625 0.121875 0.1890625
40 0.88828125 0.721875 0.1796875 0.1796875
40 0.94453125 0.896875 0.1109375 0.18125
40 0.7421875 0.04375 0.175 0.0875
40 0.70390625 0.1921875 0.190625 0.178125
40 0.753125 0.53671875 0.1796875 0.1953125
40 0.64453125 0.3984375 0.1703125 0.175
40 0.69765625 0.7375 0.1765625 0.1859375
40 0.76875 0.890625 0.1671875 0.1890625
40 0.48984375 0.08515625 0.1859375 0.1703125
40 0.490625 0.29453125 0.1734375 0.1859375
40 0.51171875 0.57890625 0.18125 0.178125
40 0.4953125 0.790625 0.1828125 0.1828125
40 0.2875 0.05859375 0.184375 0.1171875
40 0.36484375 0.18984375 0.1640625 0.171875
40 0.128125 0.1265625 0.16875 0.178125
40 0.02734375 0.046875 0.0546875 0.09375
40 0.2640625 0.32421875 0.1734375 0.18125
40 0.3859375 0.4515625 0.1734375 0.171875
40 0.09296875 0.3015625 0.178125 0.18125
40 0.0296875 0.43828125 0.059375 0.153125
40 0.17265625 0.49765625 0.178125 0.1765625
40 0.3515625 0.64453125 0.171875 0.1765625
40 0.28046875 0.79609375 0.18125 0.1796875
40 0.27265625 0.94609375 0.18125 0.10625
40 0.07578125 0.68125 0.1515625 0.16875
40 0.103125 0.87421875 0.16875 0.1828125
40 0.4609375 0.971875 0.165625 0.05625
