21 0.4442857142857143 0.22916666666666666 0.11428571428571428 0.2361111111111111
21 0.6014285714285714 0.3680555555555556 0.11142857142857143 0.2986111111111111
21 0.4857142857142857 0.5486111111111112 0.12 0.2569444444444444
21 0.61 0.6180555555555556 0.13714285714285715 0.2569444444444444
21 0.7471428571428571 0.5972222222222222 0.1 0.2013888888888889
21 0.6928571428571428 0.3819444444444444 0.08285714285714285 0.25
21 0.3871428571428571 0.4444444444444444 0.1 0.2638888888888889
21 0.31142857142857144 0.5590277777777778 0.09142857142857143 0.1736111111111111
21 0.2957142857142857 0.3645833333333333 0.10285714285714286 0.24305555555555555
21 0.2042857142857143 0.5902777777777778 0.10571428571428572 0.2361111111111111
