32 0.431640625 0.3872249263743455 0.4833984375 0.37027568717277487 0.5068359375 0.37027568717277487 0.5322265625 0.35202266034031415 0.55078125 0.31942796956806285 0.55078125 0.2594537385471204 0.533203125 0.22294768488219896 0.4716796875 0.15384694044502617 0.4267578125 0.13559391361256545 0.3798828125 0.14080906413612565 0.3603515625 0.15123936518324607 0.3359375 0.18122648069371727 0.33203125 0.22816283540575916 0.32421875 0.2464158622382199 0.361328125 0.3037825179973822 0.3564453125 0.30769388089005234 0.3515625 0.28813706642670156 0.3349609375 0.2842257035340314 0.3310546875 0.2711878272251309 0.328125 0.3063900932591623 0.322265625 0.3063900932591623 0.322265625 0.2907446416884817 0.3154296875 0.2816181282722513 0.314453125 0.3063900932591623 0.3193359375 0.31551660667539266 0.328125 0.31160524378272253 0.322265625 0.32464312009162305 0.3564453125 0.36766811191099474 0.3896484375 0.3859211387434555
32 0.19140625 0.9009172529450262 0.2236328125 0.8813604384816754 0.24609375 0.8383354466623036 0.251953125 0.7940066672120419 0.251953125 0.697526382526178 0.240234375 0.6531976030759162 0.2060546875 0.6023498854712042 0.1650390625 0.597134734947644 0.1123046875 0.6232104875654451 0.083984375 0.6610203288612565 0.072265625 0.7001339577879581 0.072265625 0.7679309145942408 0.08984375 0.8305127208769634 0.1142578125 0.8657149869109948 0.1572265625 0.8996134653141361
32 0.46875 0.674058205170157 0.4951171875 0.6675392670157068 0.5263671875 0.6414635143979057 0.548828125 0.6036536731020943 0.564453125 0.5488945926047121 0.564453125 0.49674308736910994 0.552734375 0.423730980039267 0.5380859375 0.3963514397905759 0.5087890625 0.3780984129581152 0.4716796875 0.38070598821989526 0.4306640625 0.41199689136125656 0.396484375 0.4706673347513089 0.3828125 0.5306415657722513 0.380859375 0.5801854957460733 0.392578125 0.6245142751963351 0.4091796875 0.646678664921466 0.4443359375 0.672754417539267
32 0.353515625 0.8774490755890052 0.3994140625 0.8631074116492147 0.4306640625 0.8396392342931938 0.451171875 0.8096521187827225 0.458984375 0.7783612156413613 0.45703125 0.7392475867146597 0.453125 0.720994559882199 0.44140625 0.7027415330497382 0.4169921875 0.6779695680628273 0.3544921875 0.6571089659685864 0.3212890625 0.6571089659685864 0.2763671875 0.6779695680628273 0.2578125 0.7001339577879581 0.25390625 0.7105642588350786 0.25390625 0.822689995091623 0.259765625 0.8409430219240838 0.2880859375 0.8683225621727748 0.3193359375 0.8787528632198953
32 0.2578125 0.6923112320026178 0.283203125 0.6662354793848168 0.29296875 0.6375521515052356 0.2890625 0.572362769960733 0.267578125 0.5123885389397905 0.2529296875 0.4928317244764398 0.2275390625 0.4797938481675393 0.1904296875 0.4797938481675393 0.1572265625 0.4902241492146597 0.140625 0.5123885389397905 0.130859375 0.5410718668193717 0.12890625 0.5801854957460733 0.1328125 0.5958309473167539 0.1396484375 0.6023498854712042 0.1669921875 0.5945271596858639 0.2060546875 0.599742310209424 0.23828125 0.6427673020287958 0.251953125 0.6870960814790575
32 0.38671875 0.647982452552356 0.392578125 0.6427673020287958 0.392578125 0.6323370009816754 0.37890625 0.5775779204842932 0.384765625 0.5071733884162304 0.423828125 0.4054779532068063 0.4130859375 0.3963514397905759 0.3720703125 0.3859211387434555 0.3447265625 0.3650605366492147 0.3251953125 0.3650605366492147 0.2958984375 0.3859211387434555 0.2734375 0.423730980039267 0.267578125 0.4524143079188482 0.267578125 0.49674308736910994 0.2734375 0.525426415248691 0.294921875 0.572362769960733 0.3427734375 0.6336407886125655 0.3642578125 0.6492862401832461
32 0.677734375 0.4002628026832461 0.7138671875 0.3859211387434555 0.7421875 0.3533264479712042 0.76953125 0.28031434064136124 0.76953125 0.22816283540575916 0.7548828125 0.19817571989528796 0.7197265625 0.16949239201570682 0.6904296875 0.1564545157068063 0.6533203125 0.1564545157068063 0.6201171875 0.174707542539267 0.591796875 0.21512495909685864 0.58203125 0.2542385880235602 0.5859375 0.3142128190445026 0.599609375 0.3585415984947644 0.6123046875 0.37549083769633507 0.6455078125 0.3963514397905759
32 0.68359375 0.6818809309554974 0.7060546875 0.6753619928010471 0.7412109375 0.646678664921466 0.755859375 0.6219066999345549 0.763671875 0.5801854957460733 0.76171875 0.5358567162958116 0.751953125 0.49413551210732987 0.7294921875 0.46675597185863876 0.7041015625 0.45371809554973824 0.6669921875 0.4563256708115183 0.6337890625 0.4797938481675393 0.607421875 0.5176036894633508 0.583984375 0.5801854957460733 0.5859375 0.6219066999345549 0.6025390625 0.6545013907068062 0.6435546875 0.6805771433246073
32 0.62890625 0.8983096776832461 0.6572265625 0.8787528632198953 0.67578125 0.8409430219240838 0.6796875 0.8018293929973822 0.66796875 0.7392475867146597 0.65234375 0.7053491083115183 0.5986328125 0.6571089659685864 0.5791015625 0.6206029123036649 0.5498046875 0.6153877617801047 0.5166015625 0.6597165412303665 0.4775390625 0.6779695680628273 0.46875 0.6897036567408377 0.462890625 0.7131718340968587 0.466796875 0.7783612156413613 0.490234375 0.8252975703534031 0.5302734375 0.8683225621727748 0.5888671875 0.8996134653141361
32 0.80859375 0.8774490755890052 0.8466796875 0.8578922611256544 0.876953125 0.8174748445680629 0.87890625 0.7157794093586387 0.8525390625 0.672754417539267 0.8154296875 0.6440710896596858 0.7861328125 0.6362483638743456 0.7607421875 0.6388559391361257 0.69921875 0.6949188072643979 0.681640625 0.7418551619764397 0.681640625 0.7757536403795812 0.689453125 0.8044369682591623 0.7275390625 0.847461960078534 0.7666015625 0.8735377126963351
32 0.8046875 0.49152793684554974 0.8271484375 0.47457869764397903 0.849609375 0.44459158213350786 0.8671875 0.397655227421466 0.8671875 0.37157947480366493 0.859375 0.3455037221858639 0.8447265625 0.3259469077225131 0.8193359375 0.31030145615183247 0.7666015625 0.29726357984293195 0.76171875 0.3011749427356021 0.740234375 0.3637567490183246 0.68359375 0.4106931037303665 0.6962890625 0.4328574934554974 0.7451171875 0.47457869764397903 0.7880859375 0.4928317244764398
32 0.583984375 0.5749703452225131 0.607421875 0.5149961142015707 0.6298828125 0.48240142342931935 0.6513671875 0.46414839659685864 0.6689453125 0.45371809554973824 0.6845703125 0.4511105202879581 0.689453125 0.44459158213350786 0.6875 0.4341612810863874 0.6767578125 0.4198196171465969 0.6591796875 0.40678174083769636 0.6298828125 0.3963514397905759 0.5966796875 0.3963514397905759 0.5751953125 0.40417416557591623 0.556640625 0.4211234047774869 0.556640625 0.447199157395288 0.56640625 0.5071733884162304 0.56640625 0.5593248936518325 0.5771484375 0.5762741328534031
32 0.59765625 0.1968719322643979 0.6201171875 0.17209996727748691 0.6396484375 0.1590620909685864 0.6826171875 0.15123936518324607 0.689453125 0.1447204270287958 0.69921875 0.10299922284031414 0.69921875 0.04824014234293194 0.6884765625 0 0.5830078125 0 0.568359375 0.019556814463350787 0.560546875 0.04302499181937173 0.556640625 0.07431589496073299 0.55859375 0.12125224967277487 0.57421875 0.17079617964659685 0.5888671875 0.19296056937172776
32 0.544921875 0.22555526014397906 0.5546875 0.1890492064790576 0.5546875 0.11603709914921466 0.55078125 0.08996134653141362 0.533203125 0.05345529286649214 0.5166015625 0.03389847840314136 0.4912109375 0.020860602094240836 0.4580078125 0.020860602094240836 0.4267578125 0.04172120418848167 0.40625 0.08996134653141362 0.40625 0.1290749754581152 0.4423828125 0.13559391361256545 0.4716796875 0.15123936518324607 0.4990234375 0.174707542539267 0.5380859375 0.22685904777486912
32 0.2578125 0.3637567490183246 0.2978515625 0.34419993455497383 0.3125 0.3220355448298429 0.30859375 0.26466888907068065 0.32421875 0.21773253435863874 0.326171875 0.1864416312172775 0.3017578125 0.12516361256544503 0.2763671875 0.10691058573298429 0.2431640625 0.10430301047120419 0.2119140625 0.11994846204188482 0.1845703125 0.15384694044502617 0.1640625 0.18122648069371727 0.154296875 0.22294768488219896 0.166015625 0.3063900932591623 0.2119140625 0.35723781086387435 0.2314453125 0.3650605366492147
32 0.7890625 0.29335221695026176 0.7958984375 0.2894408540575916 0.810546875 0.26466888907068065 0.80859375 0.1864416312172775 0.80078125 0.15254315281413613 0.7724609375 0.1095181609947644 0.7490234375 0.09387270942408377 0.7431640625 0.09126513416230367 0.7021484375 0.10430301047120419 0.69140625 0.15254315281413613 0.6962890625 0.1590620909685864 0.7353515625 0.1773151178010471 0.76953125 0.21512495909685864 0.7734375 0.2516310127617801 0.76953125 0.2907446416884817
