21 0.08046875 0.1875 0.0796875 0.13333333333333333
21 0.14296875 0.059722222222222225 0.0703125 0.11944444444444445
21 0.521875 0.46944444444444444 0.109375 0.1361111111111111
21 0.7484375 0.4888888888888889 0.0734375 0.17777777777777778
21 0.9078125 0.3388888888888889 0.0609375 0.14722222222222223
21 0.91875 0.11805555555555555 0.0703125 0.11944444444444445
21 0.96484375 0.059722222222222225 0.0703125 0.11944444444444445
21 0.4984375 0.2972222222222222 0.096875 0.13333333333333333
21 0.67421875 0.3055555555555556 0.078125 0.16666666666666666
21 0.34765625 0.28055555555555556 0.0765625 0.15
21 0.23203125 0.2902777777777778 0.075 0.19166666666666668
21 0.221875 0.12361111111111112 0.096875 0.1388888888888889
21 0.1609375 0.1986111111111111 0.0875 0.13055555555555556
21 0.8125 0.41805555555555557 0.065625 0.15555555555555556
21 0.86484375 0.24861111111111112 0.0640625 0.1527777777777778
21 0.82890625 0.09444444444444444 0.0796875 0.14444444444444443
21 0.7921875 0.17083333333333334 0.0796875 0.1388888888888889
21 0.7234375 0.13333333333333333 0.06875 0.18055555555555555
21 0.65859375 0.15416666666666667 0.071875 0.15555555555555556
21 0.5875 0.3013888888888889 0.096875 0.1361111111111111
21 0.57890625 0.13472222222222222 0.0984375 0.14722222222222223
21 0.51015625 0.07083333333333333 0.0828125 0.14166666666666666
21 0.3984375 0.11388888888888889 0.075 0.17222222222222222
21 0.2859375 0.20416666666666666 0.0703125 0.16944444444444445
21 0.3328125 0.06388888888888888 0.071875 0.12777777777777777
21 0.75859375 0.32083333333333336 0.0984375 0.1388888888888889
