21 0.11640625 0.10416666666666667 0.0765625 0.10833333333333334
21 0.06875 0.18333333333333332 0.078125 0.11666666666666667
21 0.05 0.5013888888888889 0.075 0.12777777777777777
21 0.17109375 0.2611111111111111 0.08125 0.11944444444444445
21 0.23125 0.175 0.071875 0.11666666666666667
21 0.8375 0.058333333333333334 0.0734375 0.1111111111111111
21 0.52109375 0.10277777777777777 0.0796875 0.1111111111111111
21 0.80234375 0.9222222222222223 0.0734375 0.11388888888888889
21 0.571875 0.8486111111111111 0.084375 0.12222222222222222
21 0.74453125 0.8472222222222222 0.08125 0.11388888888888889
21 0.853125 0.85 0.065625 0.125
21 0.82734375 0.7652777777777777 0.0734375 0.125
21 0.8484375 0.6180555555555556 0.0625 0.12777777777777777
21 0.78984375 0.6930555555555555 0.078125 0.12777777777777777
21 0.7390625 0.6069444444444444 0.0796875 0.12222222222222222
21 0.70234375 0.6958333333333333 0.071875 0.14166666666666666
21 0.62578125 0.6861111111111111 0.0828125 0.12222222222222222
21 0.53046875 0.6833333333333333 0.0828125 0.12222222222222222
21 0.58359375 0.6055555555555555 0.0796875 0.11944444444444445
21 0.18671875 0.9041666666666667 0.06875 0.12777777777777777
21 0.26328125 0.6736111111111112 0.0765625 0.12777777777777777
21 0.36328125 0.7625 0.0859375 0.12777777777777777
21 0.44375 0.5986111111111111 0.0875 0.125
21 0.6421875 0.525 0.0828125 0.11666666666666667
21 0.4546875 0.7652777777777777 0.0875 0.12222222222222222
21 0.8578125 0.21388888888888888 0.075 0.11388888888888889
21 0.85625 0.36666666666666664 0.0734375 0.11666666666666667
21 0.82265625 0.4513888888888889 0.0765625 0.12777777777777777
21 0.76875 0.3638888888888889 0.078125 0.125
21 0.7796875 0.19305555555555556 0.065625 0.1361111111111111
21 0.7234375 0.11666666666666667 0.08125 0.11944444444444445
21 0.665625 0.19305555555555556 0.084375 0.11944444444444445
21 0.5640625 0.1875 0.0875 0.11944444444444445
21 0.46015625 0.18055555555555555 0.0859375 0.12222222222222222
21 0.33359375 0.09583333333333334 0.0796875 0.1111111111111111
21 0.27421875 0.2625 0.0859375 0.12777777777777777
21 0.2203125 0.3388888888888889 0.08125 0.11944444444444445
21 0.3890625 0.3458333333333333 0.0859375 0.12777777777777777
21 0.378125 0.18055555555555555 0.08125 0.12222222222222222
21 0.61171875 0.2722222222222222 0.084375 0.12777777777777777
21 0.72265625 0.28055555555555556 0.0828125 0.12777777777777777
21 0.66015625 0.35833333333333334 0.084375 0.12222222222222222
21 0.5578125 0.35138888888888886 0.0859375 0.11944444444444445
21 0.5171875 0.4361111111111111 0.078125 0.125
21 0.4359375 0.43333333333333335 0.084375 0.12222222222222222
21 0.3828125 0.5152777777777777 0.0828125 0.11666666666666667
21 0.70859375 0.4444444444444444 0.08125 0.12222222222222222
