32 0.2525 0.2808333333333333 0.275625 0.2808333333333333 0.295625 0.28583333333333333 0.33375 0.31333333333333335 0.340625 0.3283333333333333 0.349375 0.3358333333333333 0.353125 0.34833333333333333 0.360625 0.36083333333333334 0.370625 0.3933333333333333 0.37375 0.42 0.361875 0.4925 0.353125 0.5075 0.35125 0.5275 0.343125 0.53 0.34125 0.5358333333333334 0.345 0.5383333333333333 0.353125 0.5316666666666666 0.368125 0.5325 0.38125 0.5391666666666667 0.38125 0.5458333333333333 0.33375 0.5466666666666666 0.291875 0.5758333333333333 0.239375 0.5783333333333334 0.223125 0.5741666666666667 0.174375 0.5475 0.159375 0.5358333333333334 0.141875 0.5108333333333334 0.13375 0.4925 0.124375 0.4425 0.12625 0.41 0.134375 0.37416666666666665 0.1475 0.35 0.154375 0.3425 0.156875 0.3333333333333333 0.179375 0.30666666666666664 0.21875 0.28583333333333333
32 0.4 0.165 0.444375 0.17333333333333334 0.48625 0.19833333333333333 0.5125 0.22666666666666666 0.5375 0.27666666666666667 0.54875 0.32916666666666666 0.55 0.35833333333333334 0.5475 0.3883333333333333 0.5375 0.4225 0.528125 0.44416666666666665 0.518125 0.4533333333333333 0.514375 0.4625 0.504375 0.4741666666666667 0.49125 0.4816666666666667 0.485625 0.48833333333333334 0.4575 0.49416666666666664 0.415625 0.48833333333333334 0.391875 0.4741666666666667 0.375 0.4583333333333333 0.36375 0.44166666666666665 0.36 0.3958333333333333 0.35375 0.36916666666666664 0.344375 0.3475 0.318125 0.305 0.323125 0.2916666666666667 0.3225 0.2575 0.33625 0.20833333333333334 0.34125 0.205 0.348125 0.19 0.359375 0.17916666666666667 0.373125 0.17083333333333334
32 0.58125 0.6208333333333333 0.60875 0.6216666666666667 0.635 0.6275 0.66 0.6425 0.671875 0.655 0.6925 0.695 0.7 0.7241666666666666 0.70375 0.7575 0.703125 0.7841666666666667 0.699375 0.8041666666666667 0.689375 0.8416666666666667 0.674375 0.8733333333333333 0.66 0.8916666666666667 0.636875 0.9091666666666667 0.610625 0.92 0.588125 0.9233333333333333 0.56875 0.9216666666666666 0.551875 0.915 0.538125 0.905 0.52125 0.8825 0.513125 0.8766666666666667 0.500625 0.8466666666666667 0.498125 0.7808333333333334 0.498125 0.7558333333333334 0.501875 0.725 0.514375 0.6741666666666667 0.54 0.6391666666666667 0.553125 0.6325 0.560625 0.625
32 0.705625 0.43666666666666665 0.73375 0.44083333333333335 0.76625 0.45166666666666666 0.7875 0.465 0.811875 0.49166666666666664 0.8175 0.5 0.830625 0.5366666666666666 0.835 0.5925 0.835 0.625 0.831875 0.645 0.81875 0.685 0.8125 0.695 0.800625 0.7458333333333333 0.788125 0.7725 0.775 0.7866666666666666 0.759375 0.7966666666666666 0.71625 0.8066666666666666 0.7025 0.8041666666666667 0.694375 0.7958333333333333 0.695625 0.7216666666666667 0.674375 0.6691666666666667 0.653125 0.645 0.6125 0.625 0.603125 0.6041666666666666 0.59875 0.5833333333333334 0.59875 0.5675 0.605625 0.5175 0.611875 0.5125 0.635 0.5058333333333334 0.656875 0.4925 0.669375 0.48083333333333333 0.69125 0.4475
32 0.9075 0.39166666666666666 0.93875 0.39916666666666667 0.949375 0.4083333333333333 0.9625 0.4141666666666667 0.9725 0.42833333333333334 0.981875 0.4525 0.98625 0.4775 0.98625 0.5158333333333334 0.97875 0.5608333333333333 0.961875 0.5991666666666666 0.918125 0.6383333333333333 0.875 0.655 0.834375 0.6541666666666667 0.828125 0.6458333333333334 0.82875 0.5675 0.825 0.5341666666666667 0.81375 0.5008333333333334 0.79125 0.4683333333333333 0.79125 0.4558333333333333 0.801875 0.44 0.83875 0.4125 0.869375 0.4
32 0.608125 0.18083333333333335 0.64875 0.18666666666666668 0.67375 0.20416666666666666 0.70125 0.23916666666666667 0.72 0.29083333333333333 0.725 0.32666666666666666 0.725625 0.3591666666666667 0.723125 0.38333333333333336 0.710625 0.43166666666666664 0.678125 0.4841666666666667 0.663125 0.49833333333333335 0.645625 0.5075 0.59375 0.5166666666666667 0.579375 0.5125 0.54125 0.4791666666666667 0.5275 0.4558333333333333 0.525 0.44083333333333335 0.53625 0.405 0.541875 0.365 0.54125 0.33 0.535625 0.29 0.536875 0.2683333333333333 0.546875 0.24916666666666668 0.553125 0.22916666666666666 0.566875 0.205 0.589375 0.18583333333333332
32 0.34375 0.5508333333333333 0.379375 0.5525 0.42125 0.5675 0.44375 0.5791666666666667 0.4725 0.6008333333333333 0.48625 0.6141666666666666 0.496875 0.63 0.506875 0.6516666666666666 0.510625 0.6708333333333333 0.51125 0.6866666666666666 0.505625 0.7216666666666667 0.495 0.7466666666666667 0.4675 0.7825 0.45375 0.7916666666666666 0.440625 0.7933333333333333 0.404375 0.7816666666666666 0.3825 0.7808333333333334 0.361875 0.7933333333333333 0.3525 0.81 0.325625 0.8016666666666666 0.316875 0.795 0.30625 0.7925 0.3 0.7858333333333334 0.2925 0.7841666666666667 0.265 0.7533333333333333 0.255 0.7283333333333334 0.2525 0.7083333333333334 0.265625 0.6508333333333334 0.275625 0.6191666666666666 0.288125 0.5941666666666666 0.300625 0.5775 0.324375 0.5575
32 0.12 0.7275 0.14 0.7275 0.164375 0.7341666666666666 0.1775 0.7433333333333333 0.189375 0.7591666666666667 0.20375 0.7933333333333333 0.20625 0.8216666666666667 0.204375 0.8466666666666667 0.190625 0.9016666666666666 0.168125 0.9416666666666667 0.144375 0.965 0.125625 0.9766666666666667 0.10125 0.9875 0.075 0.9891666666666666 0.04875 0.9733333333333334 0.03625 0.9591666666666666 0.0325 0.9483333333333334 0.0325 0.9016666666666666 0.04875 0.8475 0.046875 0.8183333333333334 0.050625 0.7983333333333333 0.05 0.7741666666666667 0.0575 0.755 0.06875 0.7408333333333333 0.1 0.7283333333333334
32 0.09 0.12 0.113125 0.12083333333333333 0.129375 0.12583333333333332 0.154375 0.13833333333333334 0.18125 0.1625 0.19375 0.17833333333333334 0.205625 0.2 0.21125 0.21666666666666667 0.211875 0.24166666666666667 0.219375 0.25916666666666666 0.22625 0.2675 0.2275 0.2783333333333333 0.2225 0.2816666666666667 0.2175 0.2916666666666667 0.20375 0.29833333333333334 0.186875 0.31333333333333335 0.13875 0.36916666666666664 0.119375 0.3616666666666667 0.0825 0.3616666666666667 0.063125 0.3575 0.04875 0.34 0.0375 0.3175 0.034375 0.2791666666666667 0.0375 0.155 0.046875 0.1375 0.058125 0.12833333333333333 0.071875 0.1225
32 0.07375 0.39416666666666667 0.090625 0.39416666666666667 0.124375 0.405 0.129375 0.4175 0.1375 0.4816666666666667 0.148125 0.5091666666666667 0.170625 0.5375 0.20625 0.56 0.219375 0.5716666666666667 0.225625 0.6075 0.221875 0.6533333333333333 0.21 0.6825 0.195 0.6991666666666667 0.169375 0.7116666666666667 0.135625 0.7091666666666666 0.101875 0.7008333333333333 0.065625 0.6716666666666666 0.0375 0.6341666666666667 0.033125 0.6175 0.030625 0.5891666666666666 0.0275 0.5 0.028125 0.44166666666666665 0.03125 0.43 0.040625 0.415 0.06 0.39916666666666667
32 0.909375 0.6908333333333333 0.92375 0.6933333333333334 0.946875 0.7066666666666667 0.9575 0.7158333333333333 0.96375 0.7258333333333333 0.9725 0.7591666666666667 0.973125 0.805 0.96875 0.8325 0.963125 0.8491666666666666 0.955625 0.8625 0.943125 0.8766666666666667 0.899375 0.9166666666666666 0.838125 0.935 0.80875 0.935 0.79375 0.9283333333333333 0.785 0.9141666666666667 0.77875 0.8933333333333333 0.77625 0.8775 0.77625 0.845 0.780625 0.8066666666666666 0.7975 0.7591666666666667 0.81625 0.7283333333333334 0.839375 0.705 0.861875 0.6966666666666667
