21 0.05546875 0.1111111111111111 0.071875 0.13055555555555556
21 0.15078125 0.3416666666666667 0.0734375 0.12777777777777777
21 0.10859375 0.4263888888888889 0.078125 0.11666666666666667
21 0.12734375 0.5847222222222223 0.084375 0.11944444444444445
21 0.565625 0.4361111111111111 0.075 0.1361111111111111
21 0.8078125 0.2875 0.0765625 0.13333333333333333
21 0.75625 0.44305555555555554 0.0765625 0.12777777777777777
21 0.63125 0.5222222222222223 0.0828125 0.11944444444444445
21 0.52734375 0.6041666666666666 0.08125 0.12777777777777777
21 0.82890625 0.8444444444444444 0.08125 0.11944444444444445
21 0.7734375 0.9236111111111112 0.078125 0.10833333333333334
