21 0.49930555555555556 0.7617283950617284 0.20416666666666666 0.38271604938271603
21 0.2965277777777778 0.7851851851851852 0.1986111111111111 0.4148148148148148
21 0.10347222222222222 0.7987654320987654 0.19583333333333333 0.38765432098765434
21 0.20347222222222222 0.5469135802469136 0.1375 0.2
21 0.3472222222222222 0.5320987654320988 0.15555555555555556 0.21975308641975308
21 0.5097222222222222 0.5049382716049383 0.14722222222222223 0.22469135802469137
21 0.6513888888888889 0.4728395061728395 0.1388888888888889 0.2
21 0.7076388888888889 0.7444444444444445 0.19305555555555556 0.4074074074074074
21 0.8965277777777778 0.6839506172839506 0.19583333333333333 0.39012345679012345
21 0.7854166666666667 0.4777777777777778 0.12638888888888888 0.18518518518518517
21 0.9236111111111112 0.44814814814814813 0.1527777777777778 0.21975308641975308
21 0.7229166666666667 0.3493827160493827 0.10972222222222222 0.1308641975308642
21 0.8381944444444445 0.32592592592592595 0.12361111111111112 0.13333333333333333
21 0.6090277777777777 0.3419753086419753 0.11527777777777778 0.11604938271604938
21 0.4909722222222222 0.3592592592592593 0.1125 0.1308641975308642
21 0.36527777777777776 0.38641975308641974 0.11388888888888889 0.1308641975308642
21 0.2569444444444444 0.40617283950617283 0.10555555555555556 0.1506172839506173
