21 0.5288888888888889 0.78 0.26222222222222225 0.3377777777777778
21 0.22 0.7911111111111111 0.28444444444444444 0.3377777777777778
21 0.25333333333333335 0.5666666666666667 0.24888888888888888 0.15555555555555556
21 0.2511111111111111 0.42444444444444446 0.24 0.10666666666666667
21 0.5311111111111111 0.5688888888888889 0.2577777777777778 0.15555555555555556
21 0.8311111111111111 0.78 0.28888888888888886 0.35555555555555557
21 0.8066666666666666 0.5577777777777778 0.21777777777777776 0.1688888888888889
21 0.5311111111111111 0.42 0.25333333333333335 0.11555555555555555
21 0.29555555555555557 0.2088888888888889 0.21777777777777776 0.1111111111111111
21 0.5066666666666667 0.29555555555555557 0.2311111111111111 0.10666666666666667
21 0.52 0.13111111111111112 0.18222222222222223 0.08
