52 0.2756076388888889 0.63720703125 0.2191840277777778 0.3076171875
52 0.08246527777777778 0.15218098958333334 0.1584201388888889 0.2750651041666667
52 0.5213758680555556 0.12044270833333333 0.224609375 0.24088541666666666
52 0.8192274305555556 0.09440104166666667 0.1931423611111111 0.18229166666666666
52 0.8575303819444444 0.8141276041666666 0.2849392361111111 0.3717447916666667
52 0.5978732638888888 0.8748372395833334 0.2300347222222222 0.23600260416666666
52 0.5696614583333334 0.56396484375 0.2517361111111111 0.3727213541666667
52 0.7986111111111112 0.33203125 0.1974826388888889 0.3059895833333333
52 0.9503038194444444 0.361328125 0.0993923611111111 0.3352864583333333
52 0.7785373263888888 0.5623372395833334 0.15516493055555555 0.1318359375
52 0.3135850694444444 0.361328125 0.2560763888888889 0.23763020833333334
52 0.2983940972222222 0.07893880208333333 0.1953125 0.14485677083333334
52 0.2587890625 0.2001953125 0.1616753472222222 0.18229166666666666
52 0.08355034722222222 0.4581705729166667 0.16276041666666666 0.19694010416666666
52 0.0656467013888889 0.8507486979166666 0.1312934027777778 0.2985026041666667
52 0.17740885416666666 0.9052734375 0.224609375 0.189453125
