21 0.95 0.6722222222222223 0.0703125 0.11666666666666667
21 0.23671875 0.15555555555555556 0.0765625 0.1527777777777778
21 0.86328125 0.19305555555555556 0.075 0.14166666666666666
21 0.7390625 0.10416666666666667 0.084375 0.12222222222222222
21 0.825 0.43194444444444446 0.08125 0.11944444444444445
21 0.8625 0.5902777777777778 0.0640625 0.14166666666666666
21 0.825 0.6763888888888889 0.078125 0.13333333333333333
21 0.87421875 0.9 0.059375 0.15
21 0.828125 0.8236111111111111 0.0734375 0.11944444444444445
21 0.75859375 0.8236111111111111 0.06875 0.13333333333333333
21 0.7734375 0.5847222222222223 0.06875 0.125
21 0.725 0.5097222222222222 0.0796875 0.11666666666666667
21 0.67890625 0.5833333333333334 0.071875 0.125
21 0.64140625 0.6708333333333333 0.0796875 0.11666666666666667
21 0.73046875 0.6638888888888889 0.075 0.12777777777777777
21 0.696875 0.7541666666666667 0.075 0.1361111111111111
21 0.6375 0.8291666666666667 0.0890625 0.12222222222222222
21 0.58046875 0.7513888888888889 0.0859375 0.13055555555555556
21 0.746875 0.3458333333333333 0.0796875 0.125
21 0.78125 0.24027777777777778 0.0796875 0.13055555555555556
21 0.71015625 0.24583333333333332 0.0671875 0.14166666666666666
21 0.66875 0.3416666666666667 0.0828125 0.11666666666666667
21 0.625 0.25277777777777777 0.075 0.12777777777777777
21 0.57578125 0.17083333333333334 0.0859375 0.125
21 0.7 0.8791666666666667 0.0703125 0.125
21 0.63203125 0.95 0.0765625 0.1
21 0.4796875 0.9111111111111111 0.075 0.125
21 0.41328125 0.9152777777777777 0.0671875 0.15555555555555556
21 0.3375 0.9 0.08125 0.11388888888888889
21 0.4390625 0.75 0.0828125 0.12222222222222222
21 0.34375 0.7472222222222222 0.084375 0.12777777777777777
21 0.515625 0.8277777777777777 0.0796875 0.12777777777777777
21 0.521875 0.6694444444444444 0.084375 0.1361111111111111
21 0.56953125 0.5902777777777778 0.0796875 0.12777777777777777
21 0.621875 0.5097222222222222 0.0796875 0.13333333333333333
21 0.5203125 0.5027777777777778 0.084375 0.12222222222222222
21 0.57109375 0.41805555555555557 0.078125 0.12222222222222222
21 0.515625 0.3347222222222222 0.0875 0.125
21 0.4859375 0.23472222222222222 0.0921875 0.13333333333333333
21 0.43046875 0.32916666666666666 0.0859375 0.12222222222222222
21 0.36640625 0.24722222222222223 0.084375 0.11666666666666667
21 0.31484375 0.16805555555555557 0.0828125 0.11666666666666667
21 0.26015625 0.3263888888888889 0.075 0.14722222222222223
21 0.90078125 0.7527777777777778 0.0640625 0.1388888888888889
21 0.30078125 0.03194444444444444 0.0890625 0.06388888888888888
21 0.5125 0.03333333333333333 0.08125 0.06111111111111111
21 0.6515625 0.04027777777777778 0.0859375 0.08055555555555556
