21 0.15 0.19305555555555556 0.0796875 0.11944444444444445
21 0.18359375 0.05 0.08125 0.1
21 0.28046875 0.04861111111111111 0.0734375 0.09722222222222222
21 0.23671875 0.275 0.08125 0.12777777777777777
21 0.44609375 0.1111111111111111 0.084375 0.125
21 0.41796875 0.35833333333333334 0.084375 0.11666666666666667
21 0.36171875 0.44166666666666665 0.084375 0.12222222222222222
21 0.6171875 0.28055555555555556 0.0828125 0.11944444444444445
21 0.5140625 0.2777777777777778 0.0828125 0.12222222222222222
21 0.55546875 0.11388888888888889 0.0828125 0.11944444444444445
21 0.77109375 0.13194444444444445 0.078125 0.12777777777777777
21 0.640625 0.11944444444444445 0.084375 0.12222222222222222
21 0.85078125 0.23055555555555557 0.0640625 0.15
21 0.68359375 0.20555555555555555 0.0828125 0.12222222222222222
21 0.86796875 0.07083333333333333 0.0765625 0.10833333333333334
21 0.80234375 0.29583333333333334 0.0796875 0.11944444444444445
21 0.75390625 0.37083333333333335 0.0765625 0.1388888888888889
21 0.66796875 0.36666666666666664 0.0828125 0.125
21 0.84375 0.37777777777777777 0.075 0.11388888888888889
21 0.578125 0.36527777777777776 0.0796875 0.12222222222222222
21 0.53671875 0.45 0.0734375 0.16666666666666666
21 0.88359375 0.5444444444444444 0.075 0.11666666666666667
21 0.80625 0.5375 0.078125 0.12222222222222222
21 0.7640625 0.6208333333333333 0.0765625 0.12222222222222222
21 0.6828125 0.5347222222222222 0.0734375 0.15
21 0.59765625 0.5333333333333333 0.0875 0.13333333333333333
21 0.8234375 0.7763888888888889 0.08125 0.1111111111111111
21 0.77109375 0.8583333333333333 0.0796875 0.12222222222222222
21 0.68515625 0.7819444444444444 0.0875 0.125
21 0.6203125 0.825 0.0765625 0.1361111111111111
21 0.59609375 0.6958333333333333 0.084375 0.11944444444444445
21 0.684375 0.9027777777777778 0.0734375 0.13333333333333333
21 0.61640625 0.9361111111111111 0.0828125 0.11388888888888889
21 0.54296875 0.9291666666666667 0.071875 0.11666666666666667
21 0.46796875 0.9319444444444445 0.0828125 0.11666666666666667
21 0.5140625 0.7777777777777778 0.0828125 0.12777777777777777
21 0.43046875 0.775 0.0859375 0.13055555555555556
