21 0.8640625 0.8791666666666667 0.0734375 0.1111111111111111
21 0.821875 0.8027777777777778 0.0828125 0.11388888888888889
21 0.7796875 0.725 0.0828125 0.11944444444444445
21 0.83046875 0.6458333333333334 0.0796875 0.12777777777777777
21 0.87265625 0.4111111111111111 0.0734375 0.12222222222222222
21 0.85703125 0.175 0.075 0.11666666666666667
21 0.78671875 0.0875 0.0796875 0.11388888888888889
21 0.6078125 0.06805555555555555 0.0828125 0.11944444444444445
21 0.52890625 0.0625 0.0828125 0.11944444444444445
21 0.48359375 0.14305555555555555 0.0875 0.12222222222222222
21 0.42734375 0.059722222222222225 0.08125 0.11944444444444445
21 0.82734375 0.32916666666666666 0.078125 0.13055555555555556
21 0.77734375 0.4041666666666667 0.08125 0.11944444444444445
21 0.7578125 0.24305555555555555 0.08125 0.11944444444444445
21 0.7125 0.31805555555555554 0.084375 0.13055555555555556
21 0.66015625 0.2361111111111111 0.078125 0.11944444444444445
21 0.5796875 0.2263888888888889 0.0828125 0.125
21 0.82734375 0.4861111111111111 0.075 0.12777777777777777
21 0.728125 0.4847222222222222 0.0859375 0.12777777777777777
21 0.72578125 0.65 0.0796875 0.12777777777777777
21 0.78046875 0.5652777777777778 0.078125 0.12222222222222222
21 0.73125 0.8069444444444445 0.0796875 0.13055555555555556
21 0.678125 0.8819444444444444 0.0828125 0.11666666666666667
21 0.8203125 0.95 0.0765625 0.1
21 0.73359375 0.9458333333333333 0.08125 0.10833333333333334
21 0.6078125 0.9513888888888888 0.08125 0.09722222222222222
21 0.57265625 0.8763888888888889 0.06875 0.12222222222222222
21 0.496875 0.8819444444444444 0.078125 0.11666666666666667
21 0.41796875 0.8777777777777778 0.08125 0.11666666666666667
21 0.37734375 0.7972222222222223 0.0796875 0.125
21 0.33125 0.7152777777777778 0.0859375 0.11666666666666667
21 0.2640625 0.6305555555555555 0.0890625 0.12777777777777777
21 0.678125 0.5638888888888889 0.08125 0.11944444444444445
21 0.640625 0.4652777777777778 0.071875 0.14166666666666666
21 0.5828125 0.4013888888888889 0.065625 0.15555555555555556
21 0.5296875 0.30833333333333335 0.08125 0.125
21 0.4828125 0.39166666666666666 0.0859375 0.11944444444444445
21 0.434375 0.3055555555555556 0.0890625 0.125
21 0.41640625 0.4708333333333333 0.0828125 0.11388888888888889
21 0.34609375 0.5541666666666667 0.0859375 0.11666666666666667
21 0.634375 0.6444444444444445 0.075 0.125
21 0.59453125 0.7236111111111111 0.08125 0.11944444444444445
21 0.5484375 0.6402777777777777 0.084375 0.125
21 0.53359375 0.5263888888888889 0.084375 0.14444444444444443
21 0.46015625 0.5611111111111111 0.0859375 0.1388888888888889
