21 0.078125 0.2513888888888889 0.071875 0.11666666666666667
21 0.20390625 0.17083333333333334 0.075 0.12222222222222222
21 0.184375 0.3277777777777778 0.075 0.14166666666666666
21 0.15625 0.7402777777777778 0.0734375 0.13333333333333333
21 0.38046875 0.5055555555555555 0.0890625 0.11944444444444445
21 0.48671875 0.17777777777777778 0.08125 0.11944444444444445
21 0.575 0.16805555555555557 0.071875 0.14722222222222223
21 0.4453125 0.09027777777777778 0.08125 0.11944444444444445
21 0.68515625 0.10138888888888889 0.071875 0.1388888888888889
21 0.646875 0.18611111111111112 0.0796875 0.125
21 0.77734375 0.10694444444444444 0.0765625 0.13333333333333333
21 0.89296875 0.12777777777777777 0.0671875 0.14166666666666666
21 0.809375 0.20277777777777778 0.071875 0.1388888888888889
21 0.53984375 0.42777777777777776 0.0671875 0.14444444444444443
21 0.575 0.3416666666666667 0.08125 0.11666666666666667
21 0.8046875 0.3541666666666667 0.0796875 0.125
21 0.73359375 0.3541666666666667 0.071875 0.13055555555555556
21 0.83984375 0.45 0.0609375 0.1388888888888889
21 0.6359375 0.42916666666666664 0.084375 0.12777777777777777
21 0.76640625 0.5166666666666667 0.0796875 0.11666666666666667
21 0.81953125 0.9083333333333333 0.0703125 0.12222222222222222
21 0.66015625 0.9 0.065625 0.13055555555555556
21 0.59765625 0.9194444444444444 0.065625 0.13333333333333333
21 0.52109375 0.9138888888888889 0.0859375 0.11666666666666667
21 0.55 0.7569444444444444 0.0765625 0.1388888888888889
21 0.4578125 0.7541666666666667 0.090625 0.11944444444444445
21 0.47265625 0.5888888888888889 0.0828125 0.11666666666666667
21 0.2578125 0.8236111111111111 0.06875 0.13055555555555556
21 0.403125 0.9111111111111111 0.078125 0.1111111111111111
21 0.32265625 0.9069444444444444 0.0828125 0.11666666666666667
21 0.8234375 0.6 0.0703125 0.13333333333333333
21 0.6875 0.5944444444444444 0.0859375 0.125
21 0.890625 0.6694444444444444 0.0609375 0.12222222222222222
21 0.8578125 0.7569444444444444 0.0703125 0.11944444444444445
21 0.790625 0.7347222222222223 0.075 0.125
21 0.7296875 0.6791666666666667 0.0796875 0.13055555555555556
21 0.7828125 0.8402777777777778 0.0796875 0.1111111111111111
21 0.72890625 0.7972222222222223 0.06875 0.1388888888888889
21 0.72578125 0.9111111111111111 0.071875 0.11944444444444445
