21 0.05859375 0.12638888888888888 0.0734375 0.12222222222222222
21 0.8015625 0.9291666666666667 0.071875 0.10277777777777777
21 0.7375 0.9069444444444444 0.06875 0.13055555555555556
21 0.66875 0.8597222222222223 0.0765625 0.11388888888888889
21 0.61640625 0.9333333333333333 0.0828125 0.11944444444444445
21 0.5671875 0.8541666666666666 0.078125 0.1111111111111111
21 0.8515625 0.7680555555555556 0.0625 0.13055555555555556
21 0.85390625 0.6180555555555556 0.06875 0.12777777777777777
21 0.7984375 0.7 0.078125 0.12777777777777777
21 0.865625 0.45694444444444443 0.075 0.11944444444444445
21 0.79296875 0.45555555555555555 0.0796875 0.11944444444444445
21 0.88671875 0.2986111111111111 0.0625 0.1388888888888889
21 0.82109375 0.3 0.0796875 0.11944444444444445
21 0.91953125 0.07361111111111111 0.065625 0.125
21 0.85546875 0.14583333333333334 0.0765625 0.11666666666666667
21 0.76015625 0.21944444444444444 0.0703125 0.14166666666666666
21 0.71484375 0.12916666666666668 0.0796875 0.125
21 0.67578125 0.2111111111111111 0.08125 0.12777777777777777
21 0.66796875 0.05138888888888889 0.0765625 0.10277777777777777
21 0.5921875 0.04722222222222222 0.08125 0.09444444444444444
21 0.4234375 0.10972222222222222 0.075 0.13333333333333333
21 0.61953125 0.13472222222222222 0.0734375 0.14444444444444443
21 0.4703125 0.9291666666666667 0.08125 0.11666666666666667
21 0.415625 0.8513888888888889 0.0828125 0.11666666666666667
21 0.36640625 0.9263888888888889 0.0828125 0.11666666666666667
21 0.06875 0.8986111111111111 0.0640625 0.12222222222222222
21 0.77265625 0.6097222222222223 0.0734375 0.1361111111111111
21 0.72265625 0.5333333333333333 0.0734375 0.13333333333333333
21 0.65 0.5375 0.078125 0.13055555555555556
21 0.6046875 0.44583333333333336 0.0828125 0.12777777777777777
21 0.5296875 0.3416666666666667 0.0765625 0.14722222222222223
21 0.7046875 0.7736111111111111 0.075 0.125
21 0.6515625 0.6875 0.06875 0.14722222222222223
21 0.5921875 0.6111111111111112 0.0890625 0.125
21 0.53984375 0.5319444444444444 0.0859375 0.13333333333333333
21 0.49140625 0.44305555555555554 0.0828125 0.13055555555555556
21 0.4421875 0.5277777777777778 0.0875 0.125
21 0.38515625 0.6055555555555555 0.08125 0.13333333333333333
21 0.3203125 0.6888888888888889 0.0796875 0.11944444444444445
21 0.0984375 0.5972222222222222 0.078125 0.12222222222222222
21 0.4453125 0.3472222222222222 0.0828125 0.12222222222222222
21 0.3515625 0.35 0.0890625 0.12777777777777777
21 0.2734375 0.3458333333333333 0.078125 0.125
21 0.2015625 0.3388888888888889 0.065625 0.16111111111111112
21 0.1359375 0.3486111111111111 0.075 0.11944444444444445
21 0.0484375 0.3541666666666667 0.06875 0.12777777777777777
