21 0.86796875 0.5069444444444444 0.0765625 0.11944444444444445
21 0.13359375 0.0763888888888889 0.0765625 0.11666666666666667
21 0.0828125 0.1527777777777778 0.0734375 0.11666666666666667
21 0.090625 0.31527777777777777 0.078125 0.1111111111111111
21 0.06640625 0.475 0.06875 0.11944444444444445
21 0.14453125 0.39444444444444443 0.0796875 0.11666666666666667
21 0.2171875 0.3125 0.0828125 0.13055555555555556
21 0.3890625 0.15416666666666667 0.090625 0.11944444444444445
21 0.446875 0.075 0.0828125 0.11944444444444445
21 0.35078125 0.23472222222222222 0.0828125 0.11944444444444445
21 0.30078125 0.3680555555555556 0.0875 0.12777777777777777
21 0.19921875 0.48055555555555557 0.0796875 0.11944444444444445
21 0.5171875 0.40694444444444444 0.08125 0.11944444444444445
21 0.29140625 0.4875 0.0828125 0.12222222222222222
21 0.496875 0.15833333333333333 0.0859375 0.12222222222222222
21 0.73359375 0.09861111111111111 0.08125 0.12222222222222222
21 0.89609375 0.11527777777777778 0.0703125 0.12222222222222222
21 0.93984375 0.2777777777777778 0.06875 0.12222222222222222
21 0.81328125 0.1763888888888889 0.078125 0.14166666666666666
21 0.6828125 0.16944444444444445 0.084375 0.11944444444444445
21 0.6265625 0.24583333333333332 0.0828125 0.12777777777777777
21 0.86484375 0.25972222222222224 0.0703125 0.125
21 0.9359375 0.5819444444444445 0.059375 0.14166666666666666
21 0.79140625 0.4986111111111111 0.06875 0.12777777777777777
21 0.834375 0.6625 0.078125 0.11944444444444445
21 0.7546875 0.5833333333333334 0.075 0.12222222222222222
21 0.8375 0.3458333333333333 0.06875 0.12777777777777777
21 0.77265625 0.3277777777777778 0.0671875 0.14444444444444443
21 0.70859375 0.3333333333333333 0.0703125 0.13055555555555556
21 0.659375 0.39861111111111114 0.071875 0.15
21 0.57109375 0.5833333333333334 0.0703125 0.15555555555555556
21 0.5046875 0.6513888888888889 0.078125 0.1388888888888889
21 0.45390625 0.4888888888888889 0.0875 0.125
21 0.22734375 0.6458333333333334 0.075 0.1388888888888889
21 0.7 0.6625 0.0828125 0.11944444444444445
21 0.80703125 0.8194444444444444 0.08125 0.12222222222222222
21 0.76640625 0.7444444444444445 0.084375 0.12222222222222222
21 0.65703125 0.7388888888888889 0.0796875 0.11388888888888889
21 0.63828125 0.8972222222222223 0.078125 0.11388888888888889
21 0.49921875 0.8777777777777778 0.08125 0.12777777777777777
21 0.71328125 0.8222222222222222 0.084375 0.11666666666666667
21 0.27890625 0.9513888888888888 0.0796875 0.09722222222222222
