21 0.05078125 0.26666666666666666 0.0609375 0.13055555555555556
21 0.1640625 0.575 0.06875 0.13333333333333333
21 0.10625 0.3333333333333333 0.071875 0.11944444444444445
21 0.2765625 0.3347222222222222 0.08125 0.125
21 0.32421875 0.17222222222222222 0.0859375 0.125
21 0.4859375 0.1763888888888889 0.08125 0.11944444444444445
21 0.58515625 0.42777777777777776 0.0828125 0.12222222222222222
21 0.71953125 0.10833333333333334 0.0703125 0.1361111111111111
21 0.82109375 0.35833333333333334 0.0765625 0.11944444444444445
21 0.7796875 0.4375 0.0796875 0.11944444444444445
