21 0.1703125 0.09305555555555556 0.0734375 0.13333333333333333
21 0.103125 0.09583333333333334 0.06875 0.13055555555555556
21 0.05 0.24722222222222223 0.0734375 0.13333333333333333
21 0.046875 0.4125 0.071875 0.1361111111111111
21 0.78359375 0.8930555555555556 0.0765625 0.11944444444444445
21 0.83125 0.7527777777777778 0.078125 0.125
21 0.8328125 0.5986111111111111 0.071875 0.13333333333333333
21 0.865625 0.5152777777777777 0.0671875 0.11388888888888889
21 0.85 0.40694444444444444 0.0765625 0.11944444444444445
21 0.84296875 0.27361111111111114 0.0765625 0.12222222222222222
21 0.7890625 0.19444444444444445 0.08125 0.11666666666666667
21 0.73984375 0.2638888888888889 0.084375 0.12222222222222222
21 0.65703125 0.25833333333333336 0.0859375 0.125
21 0.68203125 0.10138888888888889 0.084375 0.125
21 0.82890625 0.05138888888888889 0.0765625 0.10277777777777777
21 0.578125 0.17777777777777778 0.075 0.14722222222222223
21 0.5328125 0.09027777777777778 0.0859375 0.11666666666666667
21 0.49453125 0.2513888888888889 0.08125 0.12222222222222222
21 0.453125 0.16527777777777777 0.0890625 0.12777777777777777
21 0.36328125 0.16805555555555557 0.0890625 0.12222222222222222
21 0.29375 0.24444444444444444 0.084375 0.12777777777777777
21 0.63671875 0.9097222222222222 0.08125 0.11944444444444445
21 0.58515625 0.8388888888888889 0.084375 0.125
21 0.52734375 0.9097222222222222 0.0828125 0.11944444444444445
21 0.39921875 0.9083333333333333 0.084375 0.1111111111111111
21 0.31875 0.9013888888888889 0.075 0.12222222222222222
21 0.33515625 0.7472222222222222 0.0859375 0.125
21 0.1625 0.8888888888888888 0.078125 0.11944444444444445
21 0.78828125 0.6819444444444445 0.0734375 0.11388888888888889
21 0.77734375 0.4305555555555556 0.0796875 0.12222222222222222
21 0.75625 0.5902777777777778 0.078125 0.11666666666666667
21 0.71484375 0.5097222222222222 0.08125 0.12777777777777777
21 0.6703125 0.4236111111111111 0.08125 0.11944444444444445
21 0.66875 0.5930555555555556 0.0828125 0.125
21 0.66484375 0.75 0.08125 0.11944444444444445
21 0.715625 0.6861111111111111 0.06875 0.15555555555555556
21 0.58671875 0.5902777777777778 0.0859375 0.13055555555555556
21 0.5453125 0.5041666666666667 0.0859375 0.1361111111111111
21 0.571875 0.3888888888888889 0.078125 0.11944444444444445
21 0.54453125 0.75 0.0859375 0.12222222222222222
21 0.45 0.75 0.084375 0.11666666666666667
21 0.4796875 0.5875 0.0875 0.13055555555555556
21 0.43828125 0.4986111111111111 0.0859375 0.12777777777777777
21 0.28359375 0.575 0.0890625 0.12222222222222222
