21 0.2920673076923077 0.6838942307692307 0.1201923076923077 0.1875
21 0.8353365384615384 0.6899038461538461 0.12740384615384615 0.18509615384615385
21 0.6971153846153846 0.6899038461538461 0.125 0.18990384615384615
21 0.15384615384615385 0.6911057692307693 0.13221153846153846 0.20192307692307693
21 0.5649038461538461 0.6923076923076923 0.10336538461538461 0.18028846153846154
21 0.4338942307692308 0.6995192307692307 0.13221153846153846 0.20192307692307693
21 0.7824519230769231 0.109375 0.08653846153846154 0.10817307692307693
21 0.4362980769230769 0.11177884615384616 0.09375 0.1201923076923077
21 0.32091346153846156 0.11177884615384616 0.09615384615384616 0.1201923076923077
21 0.546875 0.11298076923076923 0.09134615384615384 0.125
21 0.6634615384615384 0.11538461538461539 0.0985576923076923 0.10576923076923077
21 0.20552884615384615 0.11778846153846154 0.11057692307692307 0.10576923076923077
21 0.796875 0.23197115384615385 0.11057692307692307 0.11538461538461539
21 0.19591346153846154 0.23918269230769232 0.10817307692307693 0.10817307692307693
21 0.6670673076923077 0.23918269230769232 0.12259615384615384 0.12980769230769232
21 0.4362980769230769 0.24158653846153846 0.10336538461538461 0.1201923076923077
21 0.3173076923076923 0.24278846153846154 0.10817307692307693 0.11778846153846154
21 0.5576923076923077 0.2439903846153846 0.11057692307692307 0.10336538461538461
21 0.5540865384615384 0.3629807692307692 0.10576923076923077 0.13701923076923078
21 0.1814903846153846 0.36658653846153844 0.1201923076923077 0.11298076923076923
21 0.43149038461538464 0.36778846153846156 0.10817307692307693 0.11298076923076923
21 0.8100961538461539 0.36778846153846156 0.11298076923076923 0.12740384615384615
21 0.3088942307692308 0.3713942307692308 0.10576923076923077 0.125
21 0.6778846153846154 0.375 0.11298076923076923 0.12980769230769232
21 0.4266826923076923 0.5096153846153846 0.10576923076923077 0.14903846153846154
21 0.3004807692307692 0.5108173076923077 0.11298076923076923 0.1346153846153846
21 0.16947115384615385 0.5144230769230769 0.1201923076923077 0.14903846153846154
21 0.6875 0.515625 0.11298076923076923 0.13942307692307693
21 0.5576923076923077 0.5168269230769231 0.12740384615384615 0.1346153846153846
21 0.8221153846153846 0.5216346153846154 0.125 0.14423076923076922
