10 0.56953125 0.07109375 0.534375 0.11875
28 0.75234375 0.2359375 0.284375 0.0484375
28 0.759375 0.27734375 0.1921875 0.0515625
28 0.75859375 0.31484375 0.190625 0.0328125
7 0.6390625 0.4578125 0.23125 0.1078125
7 0.64921875 0.33671875 0.240625 0.115625
11 0.83203125 0.41796875 0.115625 0.1546875
11 0.4640625 0.61796875 0.159375 0.1203125
11 0.27265625 0.6421875 0.1703125 0.125
11 0.46875 0.19453125 0.196875 0.1875
11 0.321875 0.41953125 0.2640625 0.2671875
11 0.72109375 0.64765625 0.25 0.0984375
