21 0.777992277992278 0.845360824742268 0.3166023166023166 0.30927835051546393
21 0.5366795366795367 0.6829896907216495 0.2548262548262548 0.3402061855670103
21 0.3590733590733591 0.46134020618556704 0.2277992277992278 0.30412371134020616
21 0.5444015444015444 0.3247422680412371 0.16602316602316602 0.23195876288659795
21 0.696911196911197 0.4536082474226804 0.2084942084942085 0.29896907216494845
21 0.8938223938223938 0.6417525773195877 0.21235521235521235 0.36597938144329895
21 0.4015444015444015 0.20876288659793815 0.14671814671814673 0.16494845360824742
21 0.23745173745173745 0.34536082474226804 0.1776061776061776 0.24742268041237114
21 0.13320463320463322 0.2345360824742268 0.13127413127413126 0.19072164948453607
21 0.06177606177606178 0.14432989690721648 0.11969111969111969 0.17525773195876287
21 0.28378378378378377 0.1134020618556701 0.138996138996139 0.15463917525773196
