21 0.228125 0.12222222222222222 0.071875 0.13055555555555556
21 0.2015625 0.2847222222222222 0.078125 0.12777777777777777
21 0.16640625 0.6125 0.0796875 0.11944444444444445
21 0.128125 0.7694444444444445 0.0796875 0.11944444444444445
21 0.10234375 0.9152777777777777 0.075 0.10833333333333334
21 0.89765625 0.38333333333333336 0.059375 0.11388888888888889
21 0.85 0.30694444444444446 0.078125 0.125
21 0.80625 0.38472222222222224 0.08125 0.12222222222222222
21 0.7984375 0.5444444444444444 0.0859375 0.11944444444444445
21 0.85234375 0.4708333333333333 0.08125 0.12222222222222222
21 0.81015625 0.2263888888888889 0.078125 0.13055555555555556
21 0.7734375 0.1388888888888889 0.0703125 0.11666666666666667
21 0.82109375 0.06944444444444445 0.08125 0.12222222222222222
21 0.7625 0.9444444444444444 0.0734375 0.10833333333333334
21 0.79453125 0.8583333333333333 0.0734375 0.11666666666666667
21 0.84765625 0.7861111111111111 0.065625 0.13333333333333333
21 0.79765625 0.7416666666666667 0.0625 0.14444444444444443
21 0.8296875 0.6347222222222222 0.065625 0.12222222222222222
21 0.7421875 0.625 0.078125 0.12222222222222222
21 0.690625 0.7069444444444445 0.0796875 0.11944444444444445
21 0.63046875 0.7819444444444444 0.08125 0.12777777777777777
21 0.5484375 0.7819444444444444 0.084375 0.11666666666666667
21 0.6921875 0.8652777777777778 0.0796875 0.11944444444444445
21 0.740625 0.7958333333333333 0.0671875 0.15833333333333333
21 0.7109375 0.4736111111111111 0.0796875 0.125
21 0.72109375 0.2986111111111111 0.084375 0.12777777777777777
21 0.67265625 0.37916666666666665 0.0796875 0.11944444444444445
21 0.65234375 0.5416666666666666 0.0859375 0.13055555555555556
21 0.6125 0.6319444444444444 0.0859375 0.125
21 0.65546875 0.9444444444444444 0.08125 0.1111111111111111
21 0.57734375 0.9472222222222222 0.0796875 0.10555555555555556
21 0.49296875 0.9472222222222222 0.0859375 0.10555555555555556
21 0.38359375 0.8611111111111112 0.084375 0.13333333333333333
21 0.4046875 0.7 0.0828125 0.13055555555555556
21 0.346875 0.6208333333333333 0.08125 0.12222222222222222
21 0.49140625 0.6277777777777778 0.0875 0.13055555555555556
21 0.453125 0.5361111111111111 0.0875 0.125
21 0.35234375 0.45694444444444443 0.084375 0.11944444444444445
21 0.49140625 0.375 0.0890625 0.12222222222222222
21 0.5953125 0.29305555555555557 0.0828125 0.13055555555555556
21 0.69609375 0.14027777777777778 0.0875 0.12222222222222222
21 0.60078125 0.05416666666666667 0.0875 0.10833333333333334
21 0.5484375 0.20833333333333334 0.0921875 0.13333333333333333
21 0.459375 0.20416666666666666 0.0875 0.13055555555555556
21 0.36015625 0.2861111111111111 0.0828125 0.11388888888888889
21 0.409375 0.10694444444444444 0.0703125 0.15833333333333333
21 0.33671875 0.12361111111111112 0.0796875 0.12222222222222222
