21 0.04453125 0.3388888888888889 0.0609375 0.14722222222222223
21 0.1015625 0.24722222222222223 0.0828125 0.11666666666666667
21 0.0609375 0.15833333333333333 0.065625 0.13055555555555556
21 0.134375 0.0875 0.078125 0.11388888888888889
21 0.26015625 0.16111111111111112 0.084375 0.13055555555555556
21 0.3265625 0.24583333333333332 0.0859375 0.12777777777777777
21 0.25234375 0.325 0.0796875 0.11388888888888889
21 0.29140625 0.4111111111111111 0.0828125 0.12222222222222222
21 0.37265625 0.32916666666666666 0.09375 0.125
21 0.43046875 0.24861111111111112 0.0828125 0.13055555555555556
21 0.48515625 0.16944444444444445 0.090625 0.1361111111111111
21 0.53671875 0.08611111111111111 0.0859375 0.13055555555555556
21 0.11640625 0.5694444444444444 0.078125 0.11666666666666667
21 0.1640625 0.6541666666666667 0.0828125 0.11666666666666667
21 0.265625 0.5722222222222222 0.06875 0.15833333333333333
21 0.3421875 0.4986111111111111 0.0859375 0.11944444444444445
21 0.2703125 0.8152777777777778 0.0796875 0.1111111111111111
21 0.45078125 0.5819444444444445 0.084375 0.13055555555555556
21 0.4984375 0.5027777777777778 0.0859375 0.1361111111111111
21 0.61171875 0.2569444444444444 0.08125 0.125
21 0.69765625 0.18055555555555555 0.0875 0.12222222222222222
21 0.8078125 0.18611111111111112 0.078125 0.13055555555555556
21 0.87421875 0.19305555555555556 0.0703125 0.125
21 0.8078125 0.30972222222222223 0.0640625 0.15555555555555556
21 0.8671875 0.34444444444444444 0.0625 0.15
21 0.8265625 0.43194444444444446 0.078125 0.11666666666666667
21 0.74296875 0.3458333333333333 0.0828125 0.12222222222222222
21 0.71015625 0.5097222222222222 0.0859375 0.12777777777777777
21 0.75 0.5916666666666667 0.084375 0.12222222222222222
21 0.83984375 0.5902777777777778 0.0640625 0.14166666666666666
21 0.6890625 0.6736111111111112 0.0859375 0.1111111111111111
21 0.74375 0.7416666666666667 0.0671875 0.1361111111111111
21 0.79765625 0.6736111111111112 0.08125 0.11666666666666667
21 0.8359375 0.7527777777777778 0.075 0.12777777777777777
21 0.78203125 0.825 0.0765625 0.11388888888888889
21 0.86171875 0.9069444444444444 0.0734375 0.11666666666666667
21 0.696875 0.8319444444444445 0.0859375 0.11944444444444445
21 0.74609375 0.9430555555555555 0.0640625 0.11388888888888889
21 0.4859375 0.7472222222222222 0.0875 0.11666666666666667
21 0.4359375 0.825 0.08125 0.11388888888888889
21 0.5109375 0.9069444444444444 0.065625 0.15
