21 0.34453125 0.3236111111111111 0.0859375 0.125
21 0.72734375 0.10138888888888889 0.0796875 0.13055555555555556
21 0.82734375 0.11388888888888889 0.078125 0.11666666666666667
21 0.83125 0.35138888888888886 0.0828125 0.11388888888888889
21 0.83515625 0.5125 0.0765625 0.11944444444444445
21 0.05078125 0.5611111111111111 0.0703125 0.125
21 0.38359375 0.4888888888888889 0.0765625 0.14444444444444443
21 0.88203125 0.5875 0.071875 0.12222222222222222
21 0.82734375 0.6708333333333333 0.071875 0.11944444444444445
21 0.78671875 0.75 0.075 0.125
21 0.90078125 0.8152777777777778 0.0578125 0.11666666666666667
21 0.8328125 0.8263888888888888 0.071875 0.1111111111111111
21 0.7125 0.7486111111111111 0.0765625 0.12777777777777777
21 0.63671875 0.7458333333333333 0.0796875 0.11388888888888889
21 0.59296875 0.8263888888888888 0.0875 0.12222222222222222
21 0.51015625 0.7513888888888889 0.08125 0.13055555555555556
21 0.43359375 0.7416666666666667 0.078125 0.12222222222222222
21 0.35390625 0.7375 0.08125 0.12222222222222222
21 0.28515625 0.8152777777777778 0.0765625 0.11388888888888889
21 0.32578125 0.5652777777777778 0.075 0.1388888888888889
21 0.2421875 0.6513888888888889 0.078125 0.11666666666666667
21 0.175 0.6125 0.0671875 0.14722222222222223
21 0.15546875 0.7277777777777777 0.0828125 0.125
21 0.10546875 0.7986111111111112 0.0796875 0.11666666666666667
21 0.04921875 0.8763888888888889 0.0671875 0.14444444444444443
