21 0.86953125 0.8222222222222222 0.0734375 0.11944444444444445
21 0.840625 0.7416666666666667 0.0671875 0.1388888888888889
21 0.84921875 0.5902777777777778 0.0671875 0.11666666666666667
21 0.81953125 0.5069444444444444 0.08125 0.12777777777777777
21 0.8875 0.2875 0.065625 0.15555555555555556
21 0.7734375 0.5875 0.0796875 0.12222222222222222
21 0.7203125 0.6736111111111112 0.0875 0.125
21 0.65859375 0.75 0.0828125 0.12222222222222222
21 0.7734375 0.7486111111111111 0.078125 0.12222222222222222
21 0.79453125 0.9013888888888889 0.075 0.10833333333333334
21 0.725 0.8277777777777777 0.0859375 0.11944444444444445
21 0.6421875 0.9041666666666667 0.0734375 0.12777777777777777
21 0.459375 0.8277777777777777 0.084375 0.12222222222222222
21 0.38046875 0.8236111111111111 0.0796875 0.12222222222222222
21 0.34921875 0.7361111111111112 0.075 0.1111111111111111
21 0.44921875 0.6625 0.084375 0.11944444444444445
21 0.59921875 0.5861111111111111 0.084375 0.11666666666666667
21 0.684375 0.5 0.078125 0.14166666666666666
21 0.8375 0.1111111111111111 0.08125 0.11944444444444445
21 0.79140625 0.18333333333333332 0.0765625 0.125
21 0.75859375 0.2652777777777778 0.08125 0.125
21 0.70625 0.1763888888888889 0.08125 0.125
21 0.6578125 0.25555555555555554 0.0828125 0.13333333333333333
21 0.60703125 0.4222222222222222 0.075 0.125
21 0.56015625 0.2513888888888889 0.0828125 0.13333333333333333
21 0.559375 0.08472222222222223 0.0828125 0.125
21 0.5140625 0.16666666666666666 0.0859375 0.12222222222222222
21 0.4625 0.08055555555555556 0.0875 0.11666666666666667
21 0.35625 0.07777777777777778 0.0875 0.12222222222222222
21 0.40390625 0.24305555555555555 0.0890625 0.125
21 0.475 0.49722222222222223 0.090625 0.125
21 0.3765625 0.49166666666666664 0.08125 0.13055555555555556
21 0.46171875 0.3333333333333333 0.090625 0.13055555555555556
