21 0.8859375 0.6138888888888889 0.0640625 0.1361111111111111
21 0.8609375 0.2263888888888889 0.078125 0.12222222222222222
21 0.81875 0.30277777777777776 0.084375 0.12222222222222222
21 0.77578125 0.37777777777777777 0.08125 0.125
21 0.85234375 0.6972222222222222 0.0625 0.125
21 0.88203125 0.9222222222222223 0.0609375 0.13333333333333333
21 0.815625 0.7763888888888889 0.0703125 0.12222222222222222
21 0.809375 0.9305555555555556 0.0671875 0.125
21 0.771875 0.8611111111111112 0.0734375 0.12222222222222222
21 0.7359375 0.7805555555555556 0.0734375 0.12777777777777777
21 0.80859375 0.6222222222222222 0.078125 0.11944444444444445
21 0.7625 0.5416666666666666 0.084375 0.12777777777777777
21 0.6828125 0.5430555555555555 0.08125 0.12222222222222222
21 0.70859375 0.9375 0.0765625 0.11666666666666667
21 0.6375 0.9375 0.0765625 0.11666666666666667
21 0.8359375 0.06527777777777778 0.06875 0.12222222222222222
21 0.80390625 0.14166666666666666 0.0765625 0.12777777777777777
21 0.76640625 0.2152777777777778 0.0703125 0.12222222222222222
21 0.6921875 0.20972222222222223 0.0796875 0.12222222222222222
21 0.65703125 0.12361111111111112 0.0765625 0.11666666666666667
21 0.5953125 0.2013888888888889 0.0796875 0.125
21 0.55078125 0.11527777777777778 0.0828125 0.12222222222222222
21 0.60625 0.05277777777777778 0.084375 0.10555555555555556
21 0.5078125 0.04861111111111111 0.08125 0.09722222222222222
21 0.42109375 0.11388888888888889 0.084375 0.11944444444444445
21 0.63671875 0.2861111111111111 0.084375 0.11666666666666667
21 0.50234375 0.2 0.084375 0.12222222222222222
21 0.5828125 0.36944444444444446 0.0828125 0.125
21 0.684375 0.37916666666666665 0.084375 0.12222222222222222
21 0.50078125 0.36527777777777776 0.08125 0.11666666666666667
21 0.41953125 0.3638888888888889 0.084375 0.12222222222222222
21 0.33046875 0.3611111111111111 0.084375 0.11944444444444445
21 0.22265625 0.44027777777777777 0.084375 0.12222222222222222
21 0.12578125 0.5208333333333334 0.0765625 0.13055555555555556
21 0.69375 0.7 0.084375 0.11388888888888889
21 0.65 0.7805555555555556 0.0796875 0.12222222222222222
21 0.21796875 0.7652777777777777 0.0765625 0.125
21 0.396875 0.6958333333333333 0.0828125 0.11944444444444445
21 0.56328125 0.6166666666666667 0.078125 0.12222222222222222
21 0.325 0.9305555555555556 0.075 0.11666666666666667
21 0.50390625 0.6958333333333333 0.084375 0.11944444444444445
21 0.44453125 0.7736111111111111 0.0828125 0.12222222222222222
21 0.61015625 0.7 0.0796875 0.11666666666666667
21 0.55390625 0.7805555555555556 0.0859375 0.12777777777777777
21 0.49375 0.8611111111111112 0.0796875 0.12222222222222222
21 0.3984375 0.9138888888888889 0.08125 0.12222222222222222
21 0.5421875 0.9375 0.0796875 0.10833333333333334
