19 0.60234375 0.35703125 0.6140625 0.1796875
19 0.11328125 0.5734375 0.2265625 0.6859375
36 0.290625 0.4890625 0.16875 0.1421875
49 0.4421875 0.5515625 0.1625 0.2046875
36 0.671875 0.50703125 0.15625 0.1640625
36 0.93046875 0.74609375 0.1390625 0.1609375
36 0.8125 0.196875 0.159375 0.178125
25 0.36171875 0.76796875 0.2671875 0.2953125
25 0.88046875 0.5640625 0.2390625 0.228125
25 0.38671875 0.24609375 0.303125 0.146875
25 0.63359375 0.1984375 0.190625 0.1765625
43 0.61328125 0.74375 0.2640625 0.2578125
