21 0.6822222222222222 0.88 0.28444444444444444 0.24
21 0.3088888888888889 0.9022222222222223 0.26222222222222225 0.19555555555555557
21 0.09333333333333334 0.7533333333333333 0.18222222222222223 0.22666666666666666
21 0.16444444444444445 0.56 0.18666666666666668 0.18222222222222223
21 0.19777777777777777 0.4266666666666667 0.18222222222222223 0.1511111111111111
21 0.24888888888888888 0.3333333333333333 0.10666666666666667 0.08444444444444445
21 0.3844444444444444 0.41555555555555557 0.20444444444444446 0.13777777777777778
21 0.3977777777777778 0.32666666666666666 0.16 0.1288888888888889
21 0.36666666666666664 0.5422222222222223 0.18222222222222223 0.2311111111111111
21 0.33555555555555555 0.7222222222222222 0.22666666666666666 0.18666666666666668
21 0.6644444444444444 0.6933333333333334 0.21333333333333335 0.21777777777777776
21 0.6533333333333333 0.5333333333333333 0.18222222222222223 0.13333333333333333
21 0.6244444444444445 0.42 0.18222222222222223 0.16
21 0.8933333333333333 0.72 0.21333333333333335 0.2311111111111111
21 0.5933333333333334 0.24 0.08888888888888889 0.1111111111111111
21 0.14666666666666667 0.23333333333333334 0.09777777777777778 0.09777777777777778
21 0.2866666666666667 0.23555555555555555 0.08888888888888889 0.09333333333333334
21 0.2288888888888889 0.12666666666666668 0.08888888888888889 0.08888888888888889
21 0.7133333333333334 0.2288888888888889 0.10666666666666667 0.1288888888888889
21 0.8555555555555555 0.2311111111111111 0.09777777777777778 0.11555555555555555
21 0.41333333333333333 0.2311111111111111 0.09333333333333334 0.10666666666666667
21 0.43555555555555553 0.08444444444444445 0.057777777777777775 0.05333333333333334
21 0.5577777777777778 0.12 0.08444444444444445 0.07111111111111111
21 0.8 0.4288888888888889 0.1288888888888889 0.13777777777777778
21 0.8688888888888889 0.5444444444444444 0.16444444444444445 0.1511111111111111
21 0.9466666666666667 0.4022222222222222 0.10666666666666667 0.11555555555555555
21 0.7777777777777778 0.33555555555555555 0.1288888888888889 0.08
21 0.9355555555555556 0.3333333333333333 0.11555555555555555 0.10666666666666667
