21 0.2203125 0.2388888888888889 0.075 0.1361111111111111
21 0.33671875 0.24166666666666667 0.0859375 0.12222222222222222
21 0.8359375 0.19027777777777777 0.075 0.11388888888888889
21 0.6484375 0.3347222222222222 0.0875 0.11666666666666667
21 0.87890625 0.2847222222222222 0.0609375 0.14722222222222223
21 0.4390625 0.24305555555555555 0.0875 0.125
21 0.5296875 0.08472222222222223 0.08125 0.11944444444444445
21 0.140625 0.32083333333333336 0.0796875 0.11388888888888889
21 0.06171875 0.5597222222222222 0.0734375 0.11944444444444445
21 0.64765625 0.09166666666666666 0.084375 0.11944444444444445
21 0.7640625 0.2625 0.0859375 0.11944444444444445
21 0.80546875 0.42916666666666664 0.0625 0.14166666666666666
21 0.49375 0.32916666666666666 0.08125 0.11666666666666667
21 0.7015625 0.4222222222222222 0.0796875 0.11666666666666667
21 0.54296875 0.4125 0.084375 0.125
21 0.86328125 0.49027777777777776 0.0640625 0.18333333333333332
21 0.74296875 0.5083333333333333 0.0765625 0.11944444444444445
21 0.6375 0.5833333333333334 0.08125 0.11666666666666667
21 0.45859375 0.5791666666666667 0.0890625 0.12222222222222222
21 0.14921875 0.5666666666666667 0.0796875 0.11944444444444445
21 0.259375 0.5708333333333333 0.0828125 0.1361111111111111
21 0.8171875 0.5875 0.0765625 0.11944444444444445
21 0.765625 0.6694444444444444 0.0765625 0.11944444444444445
21 0.86875 0.6708333333333333 0.0765625 0.11388888888888889
21 0.71875 0.7513888888888889 0.08125 0.11944444444444445
21 0.8234375 0.7486111111111111 0.0796875 0.11944444444444445
21 0.83046875 0.9013888888888889 0.0734375 0.10555555555555556
21 0.7578125 0.9041666666666667 0.078125 0.11388888888888889
21 0.615625 0.825 0.0859375 0.11944444444444445
21 0.5609375 0.9097222222222222 0.08125 0.11944444444444445
21 0.65703125 0.9069444444444444 0.0828125 0.11388888888888889
21 0.10234375 0.6458333333333334 0.084375 0.125
21 0.46484375 0.7444444444444445 0.0890625 0.11944444444444445
21 0.26796875 0.8097222222222222 0.0875 0.11944444444444445
21 0.09140625 0.7958333333333333 0.0734375 0.11666666666666667
21 0.4828125 0.9041666666666667 0.0796875 0.11388888888888889
21 0.403125 0.9027777777777778 0.08125 0.11944444444444445
