21 0.11640625 0.11944444444444445 0.0796875 0.11944444444444445
21 0.0609375 0.2791666666666667 0.071875 0.11666666666666667
21 0.2328125 0.1125 0.08125 0.1361111111111111
21 0.44765625 0.19722222222222222 0.0890625 0.12222222222222222
21 0.39453125 0.2791666666666667 0.0828125 0.11666666666666667
21 0.9015625 0.7833333333333333 0.059375 0.14166666666666666
21 0.87421875 0.5416666666666666 0.0703125 0.1361111111111111
21 0.81484375 0.5819444444444445 0.065625 0.14166666666666666
21 0.82109375 0.4625 0.071875 0.11666666666666667
21 0.88046875 0.38333333333333336 0.075 0.11944444444444445
21 0.8546875 0.06944444444444445 0.0796875 0.12222222222222222
21 0.8453125 0.9277777777777778 0.06875 0.11388888888888889
21 0.7625 0.9319444444444445 0.0796875 0.1111111111111111
21 0.72578125 0.8597222222222223 0.0765625 0.12222222222222222
21 0.77109375 0.7763888888888889 0.075 0.11944444444444445
21 0.82109375 0.7013888888888888 0.078125 0.12222222222222222
21 0.7546875 0.6611111111111111 0.06875 0.1361111111111111
21 0.69453125 0.7680555555555556 0.0625 0.13055555555555556
21 0.65625 0.8611111111111112 0.0734375 0.11666666666666667
21 0.6140625 0.9375 0.0796875 0.11944444444444445
21 0.55703125 0.8569444444444444 0.08125 0.11388888888888889
21 0.61640625 0.7777777777777778 0.0859375 0.125
21 0.50703125 0.9347222222222222 0.0796875 0.125
21 0.4578125 0.8611111111111112 0.0828125 0.12222222222222222
21 0.415625 0.7777777777777778 0.0859375 0.12777777777777777
21 0.05078125 0.8319444444444445 0.0703125 0.12222222222222222
21 0.7484375 0.5388888888888889 0.075 0.125
21 0.68203125 0.625 0.0796875 0.125
21 0.65078125 0.5375 0.0828125 0.11666666666666667
21 0.5921875 0.6166666666666667 0.08125 0.125
21 0.58203125 0.5013888888888889 0.0765625 0.13333333333333333
21 0.825 0.21666666666666667 0.071875 0.125
21 0.7890625 0.29444444444444445 0.075 0.125
21 0.77265625 0.1361111111111111 0.075 0.13055555555555556
21 0.73203125 0.21944444444444444 0.0625 0.15555555555555556
21 0.690625 0.12638888888888888 0.075 0.13333333333333333
21 0.640625 0.20555555555555555 0.0796875 0.11666666666666667
21 0.56328125 0.2 0.0828125 0.12222222222222222
21 0.509375 0.11666666666666667 0.084375 0.11944444444444445
21 0.45703125 0.05138888888888889 0.0796875 0.10277777777777777
21 0.68359375 0.29444444444444445 0.0640625 0.12777777777777777
21 0.6296875 0.36944444444444446 0.0765625 0.125
21 0.7515625 0.3819444444444444 0.075 0.1361111111111111
21 0.68984375 0.4222222222222222 0.065625 0.15555555555555556
21 0.55234375 0.36944444444444446 0.084375 0.125
21 0.5015625 0.28055555555555556 0.0828125 0.125
21 0.44453125 0.3611111111111111 0.0828125 0.11944444444444445
21 0.39140625 0.44722222222222224 0.084375 0.11944444444444445
21 0.49765625 0.44722222222222224 0.08125 0.11944444444444445
