21 0.08515625 0.125 0.0765625 0.11388888888888889
21 0.16796875 0.058333333333333334 0.06875 0.11666666666666667
21 0.07578125 0.2847222222222222 0.0796875 0.11666666666666667
21 0.065625 0.5222222222222223 0.0828125 0.11944444444444445
21 0.2234375 0.12083333333333333 0.08125 0.11944444444444445
21 0.30390625 0.04861111111111111 0.084375 0.09722222222222222
21 0.275 0.1986111111111111 0.0796875 0.11944444444444445
21 0.38125 0.2013888888888889 0.0859375 0.11944444444444445
21 0.32421875 0.28194444444444444 0.0859375 0.12222222222222222
21 0.52734375 0.20972222222222223 0.0796875 0.12222222222222222
21 0.60859375 0.05555555555555555 0.084375 0.10833333333333334
21 0.76171875 0.06388888888888888 0.0828125 0.11388888888888889
21 0.8578125 0.08055555555555556 0.0703125 0.11666666666666667
21 0.70546875 0.14027777777777778 0.0796875 0.125
21 0.8046875 0.14722222222222223 0.071875 0.11944444444444445
21 0.746875 0.2263888888888889 0.078125 0.12222222222222222
21 0.86953125 0.2375 0.0734375 0.11666666666666667
21 0.79296875 0.30416666666666664 0.0953125 0.12777777777777777
21 0.7125 0.37777777777777777 0.08125 0.12777777777777777
21 0.56015625 0.37083333333333335 0.08125 0.11388888888888889
21 0.8171875 0.46805555555555556 0.0765625 0.11388888888888889
21 0.7140625 0.5444444444444444 0.0859375 0.125
21 0.56484375 0.5402777777777777 0.0828125 0.11944444444444445
21 0.215625 0.6902777777777778 0.084375 0.13055555555555556
21 0.3484375 0.7694444444444445 0.0765625 0.14444444444444443
21 0.22890625 0.8458333333333333 0.0796875 0.11944444444444445
21 0.43046875 0.6180555555555556 0.0859375 0.1527777777777778
21 0.8046875 0.6305555555555555 0.0796875 0.12222222222222222
21 0.6640625 0.6263888888888889 0.0828125 0.125
21 0.5109375 0.6208333333333333 0.0859375 0.125
21 0.88125 0.7888888888888889 0.06875 0.1361111111111111
21 0.7359375 0.8652777777777778 0.075 0.1388888888888889
21 0.559375 0.9402777777777778 0.06875 0.11944444444444445
