21 0.14453125 0.15416666666666667 0.078125 0.12222222222222222
21 0.30390625 0.15138888888888888 0.08125 0.12777777777777777
21 0.25 0.31527777777777777 0.08125 0.11944444444444445
21 0.07421875 0.7152777777777778 0.0796875 0.11666666666666667
21 0.475 0.15833333333333333 0.0859375 0.11666666666666667
21 0.40078125 0.23194444444444445 0.0828125 0.11944444444444445
21 0.61015625 0.15694444444444444 0.08125 0.125
21 0.65625 0.08472222222222223 0.075 0.13333333333333333
21 0.83515625 0.10138888888888889 0.0765625 0.11944444444444445
21 0.78046875 0.17083333333333334 0.0734375 0.11388888888888889
21 0.7328125 0.09444444444444444 0.071875 0.11666666666666667
21 0.73671875 0.25 0.08125 0.125
21 0.86328125 0.3402777777777778 0.06875 0.12222222222222222
21 0.64609375 0.24722222222222223 0.0765625 0.11944444444444445
21 0.81328125 0.2611111111111111 0.0703125 0.11666666666666667
21 0.8328125 0.9583333333333334 0.0734375 0.08333333333333333
21 0.871875 0.8125 0.0765625 0.1111111111111111
21 0.83828125 0.7375 0.0796875 0.11944444444444445
21 0.78359375 0.8166666666666667 0.075 0.11944444444444445
21 0.69140625 0.8152777777777778 0.0765625 0.12222222222222222
21 0.6515625 0.8958333333333334 0.078125 0.11666666666666667
21 0.553125 0.8930555555555556 0.0828125 0.11666666666666667
21 0.63515625 0.7402777777777778 0.0890625 0.12777777777777777
21 0.81328125 0.38055555555555554 0.0703125 0.14722222222222223
21 0.746875 0.4111111111111111 0.0828125 0.12222222222222222
21 0.84453125 0.5833333333333334 0.071875 0.12222222222222222
21 0.80546875 0.49583333333333335 0.078125 0.11388888888888889
21 0.75703125 0.5708333333333333 0.0796875 0.11944444444444445
21 0.7046875 0.6555555555555556 0.0875 0.11944444444444445
21 0.58828125 0.6569444444444444 0.0796875 0.12222222222222222
21 0.784375 0.6597222222222222 0.0734375 0.1111111111111111
21 0.5421875 0.7361111111111112 0.0828125 0.11666666666666667
21 0.48125 0.8152777777777778 0.0828125 0.125
21 0.43046875 0.7333333333333333 0.0828125 0.11388888888888889
21 0.4765625 0.9569444444444445 0.084375 0.08611111111111111
21 0.38671875 0.9583333333333334 0.0828125 0.08333333333333333
21 0.4453125 0.31527777777777777 0.0875 0.11944444444444445
21 0.4234375 0.4861111111111111 0.084375 0.11944444444444445
21 0.4921875 0.3972222222222222 0.08125 0.13055555555555556
21 0.4765625 0.5694444444444444 0.0859375 0.13055555555555556
21 0.56171875 0.49166666666666664 0.0828125 0.11666666666666667
21 0.56328125 0.32083333333333336 0.0875 0.12222222222222222
21 0.64375 0.49166666666666664 0.0890625 0.13055555555555556
