21 0.078125 0.1111111111111111 0.071875 0.12777777777777777
21 0.2765625 0.4375 0.0796875 0.125
21 0.07578125 0.6680555555555555 0.0796875 0.11944444444444445
21 0.35390625 0.1875 0.0796875 0.125
21 0.4703125 0.1986111111111111 0.06875 0.1527777777777778
21 0.42109375 0.2722222222222222 0.08125 0.1361111111111111
21 0.54140625 0.19722222222222222 0.078125 0.12777777777777777
21 0.6171875 0.12222222222222222 0.084375 0.11944444444444445
21 0.83671875 0.14305555555555555 0.075 0.12222222222222222
21 0.75859375 0.1388888888888889 0.0703125 0.13055555555555556
21 0.71171875 0.20416666666666666 0.0765625 0.125
21 0.8359375 0.3680555555555556 0.0609375 0.14722222222222223
21 0.7671875 0.37083333333333335 0.08125 0.11944444444444445
21 0.6765625 0.2861111111111111 0.08125 0.13055555555555556
21 0.578125 0.275 0.084375 0.125
21 0.51328125 0.35694444444444445 0.0921875 0.125
21 0.634375 0.3638888888888889 0.0859375 0.12222222222222222
21 0.58125 0.44722222222222224 0.0859375 0.125
21 0.41875 0.44305555555555554 0.084375 0.11944444444444445
21 0.296875 0.6069444444444444 0.0796875 0.1361111111111111
21 0.25859375 0.7611111111111111 0.0734375 0.1388888888888889
21 0.37578125 0.8486111111111111 0.078125 0.125
21 0.53515625 0.6180555555555556 0.0671875 0.16111111111111112
21 0.7046875 0.5333333333333333 0.0828125 0.12222222222222222
21 0.6140625 0.6152777777777778 0.0796875 0.11944444444444445
21 0.8609375 0.5416666666666666 0.0734375 0.11944444444444445
21 0.8625 0.7458333333333333 0.075 0.13333333333333333
21 0.778125 0.5319444444444444 0.0671875 0.14166666666666666
21 0.746875 0.6986111111111111 0.0796875 0.12222222222222222
21 0.80703125 0.625 0.0703125 0.12777777777777777
21 0.67265625 0.7791666666666667 0.084375 0.11666666666666667
21 0.5921875 0.8527777777777777 0.08125 0.11388888888888889
21 0.5046875 0.9361111111111111 0.0859375 0.11944444444444445
21 0.753125 0.8541666666666666 0.0796875 0.125
21 0.865625 0.8555555555555555 0.0703125 0.11944444444444445
21 0.7109375 0.9388888888888889 0.0828125 0.11388888888888889
21 0.63046875 0.9361111111111111 0.0828125 0.11666666666666667
21 0.79453125 0.9305555555555556 0.075 0.11666666666666667
21 0.571875 0.04722222222222222 0.078125 0.09444444444444444
21 0.4921875 0.04722222222222222 0.0859375 0.09444444444444444
21 0.79375 0.059722222222222225 0.078125 0.11388888888888889
21 0.7125 0.05694444444444444 0.0796875 0.10833333333333334
