21 0.4876760563380282 0.5790960451977402 0.13732394366197184 0.3333333333333333
21 0.3485915492957746 0.4887005649717514 0.1619718309859155 0.2598870056497175
21 0.3732394366197183 0.8502824858757062 0.16549295774647887 0.2994350282485876
21 0.272887323943662 0.7288135593220338 0.13380281690140844 0.2711864406779661
21 0.24471830985915494 0.4576271186440678 0.1267605633802817 0.2542372881355932
21 0.397887323943662 0.2994350282485876 0.1267605633802817 0.192090395480226
21 0.5176056338028169 0.2062146892655367 0.13028169014084506 0.2768361581920904
21 0.5827464788732394 0.4067796610169492 0.1443661971830986 0.3107344632768362
21 0.7341549295774648 0.4774011299435028 0.16901408450704225 0.2542372881355932
21 0.7253521126760564 0.7372881355932204 0.17253521126760563 0.2711864406779661
21 0.5827464788732394 0.844632768361582 0.16549295774647887 0.2655367231638418
