21 0.5179856115107914 0.5441988950276243 0.09352517985611511 0.16022099447513813
21 0.4226618705035971 0.505524861878453 0.10071942446043165 0.143646408839779
21 0.3327338129496403 0.49171270718232046 0.09352517985611511 0.1712707182320442
21 0.23201438848920863 0.46685082872928174 0.08633093525179857 0.12154696132596685
21 0.07553956834532374 0.44751381215469616 0.08992805755395683 0.1878453038674033
21 0.6097122302158273 0.494475138121547 0.10071942446043165 0.143646408839779
21 0.685251798561151 0.4585635359116022 0.08633093525179857 0.143646408839779
21 0.7571942446043165 0.4198895027624309 0.08992805755395683 0.15469613259668508
21 0.8381294964028777 0.39779005524861877 0.07194244604316546 0.13259668508287292
21 0.6151079136690647 0.8729281767955801 0.10071942446043165 0.1712707182320442
21 0.7212230215827338 0.8784530386740331 0.09352517985611511 0.1270718232044199
21 0.697841726618705 0.7928176795580111 0.07913669064748201 0.10497237569060773
21 0.7769784172661871 0.7596685082872928 0.08633093525179857 0.08839779005524862
21 0.8111510791366906 0.9088397790055248 0.10431654676258993 0.14917127071823205
21 0.9028776978417267 0.850828729281768 0.08633093525179857 0.11049723756906077
21 0.9262589928057554 0.9337016574585635 0.11510791366906475 0.13259668508287292
21 0.8669064748201439 0.787292817679558 0.07553956834532374 0.07734806629834254
