40 0.140625 0.65390625 0.13125 0.18125
40 0.1859375 0.83828125 0.140625 0.209375
40 0.2703125 0.65625 0.13125 0.203125
40 0.27109375 0.1890625 0.1125 0.1765625
40 0.32421875 0.490625 0.11875 0.1703125
40 0.35390625 0.83671875 0.1359375 0.190625
40 0.3453125 0.07578125 0.09375 0.1453125
40 0.375 0.34375 0.1171875 0.1703125
40 0.4625 0.64921875 0.1140625 0.184375
40 0.48828125 0.8296875 0.1265625 0.2078125
40 0.5921875 0.48359375 0.1125 0.1609375
40 0.59921875 0.64765625 0.121875 0.1875
40 0.63671875 0.8296875 0.1390625 0.2125
40 0.7078125 0.48125 0.109375 0.1625
40 0.740625 0.6390625 0.15 0.196875
40 0.771875 0.8421875 0.134375 0.2109375
40 0.825 0.47578125 0.125 0.1796875
40 0.88046875 0.3234375 0.1125 0.1671875
40 0.9109375 0.8453125 0.159375 0.234375
