32 0.18359375 0.30322265625 0.2099609375 0.2900390625 0.2421875 0.24462890625 0.263671875 0.18017578125 0.267578125 0.07470703125 0.2412109375 0 0.1455078125 0 0.115234375 0.06884765625 0.111328125 0.13916015625 0.123046875 0.22998046875 0.1494140625 0.287109375
32 0.326171875 0.55810546875 0.3583984375 0.5390625 0.380859375 0.50537109375 0.40625 0.42333984375 0.40234375 0.35009765625 0.3603515625 0.28125 0.3134765625 0.298828125 0.287109375 0.34130859375 0.2734375 0.39990234375 0.283203125 0.51123046875 0.3017578125 0.5537109375
32 0.609375 0.33544921875 0.6376953125 0.3193359375 0.666015625 0.26513671875 0.673828125 0.13330078125 0.64453125 0.03662109375 0.5947265625 0.005859375 0.5634765625 0.0322265625 0.544921875 0.06884765625 0.53125 0.17138671875 0.556640625 0.27978515625 0.5791015625 0.31640625
32 0.43359375 0.64013671875 0.470703125 0.60791015625 0.50390625 0.50830078125 0.49609375 0.42041015625 0.4677734375 0.375 0.4287109375 0.375 0.41015625 0.39404296875 0.380859375 0.51708984375 0.396484375 0.61083984375 0.4130859375 0.6357421875
32 0.564453125 0.68994140625 0.5859375 0.66943359375 0.546875 0.57568359375 0.5126953125 0.52734375 0.501953125 0.54345703125 0.505859375 0.64013671875 0.5263671875 0.6796875
32 0.603515625 0.65185546875 0.638671875 0.59326171875 0.64453125 0.54345703125 0.630859375 0.48193359375 0.6083984375 0.439453125 0.5673828125 0.43359375 0.5322265625 0.462890625 0.51953125 0.49365234375 0.59375 0.64892578125
32 0.5078125 0.93896484375 0.541015625 0.85986328125 0.54296875 0.76611328125 0.5234375 0.68408203125 0.4931640625 0.6474609375 0.4736328125 0.6474609375 0.435546875 0.68994140625 0.421875 0.78955078125 0.451171875 0.85400390625 0.466796875 0.93310546875
32 0.455078125 0.99755859375 0.462890625 0.90673828125 0.439453125 0.83349609375 0.4072265625 0.796875 0.3740234375 0.7998046875 0.3505859375 0.8203125 0.322265625 0.89794921875 0.333984375 0.99169921875
32 0.29296875 0.87744140625 0.3251953125 0.861328125 0.376953125 0.78369140625 0.380859375 0.68701171875 0.3505859375 0.6416015625 0.3076171875 0.650390625 0.2578125 0.73974609375 0.248046875 0.79833984375 0.251953125 0.84814453125
32 0.025390625 0.99755859375 0.083984375 0.92431640625 0.099609375 0.86572265625 0.087890625 0.79248046875 0.0439453125 0.73828125 0 0.75146484375 0 0.99755859375
32 0.515625 0.99462890625 0.548828125 0.96826171875 0.564453125 0.91845703125 0.564453125 0.86572265625 0.5458984375 0.796875 0.537109375 0.88037109375 0.494140625 0.97998046875
