21 0.5915492957746479 0.4894067796610169 0.18309859154929578 0.17372881355932204
21 0.3967136150234742 0.4788135593220339 0.19718309859154928 0.17796610169491525
21 0.19014084507042253 0.4745762711864407 0.20657276995305165 0.17372881355932204
21 0.1596244131455399 0.663135593220339 0.20657276995305165 0.1864406779661017
21 0.14553990610328638 0.8601694915254238 0.2300469483568075 0.2330508474576271
21 0.38028169014084506 0.6758474576271186 0.20187793427230047 0.1864406779661017
21 0.3685446009389671 0.8707627118644068 0.22535211267605634 0.211864406779661
21 0.5915492957746479 0.6652542372881356 0.19248826291079812 0.17796610169491525
21 0.6009389671361502 0.8622881355932204 0.215962441314554 0.21610169491525424
21 0.8075117370892019 0.6779661016949152 0.18779342723004694 0.17372881355932204
21 0.8286384976525821 0.8792372881355932 0.2300469483568075 0.2076271186440678
21 0.795774647887324 0.5042372881355932 0.2112676056338028 0.19491525423728814
