23 0.2890625 0.940625 0.11875 0.11875
23 0.56953125 0.9109375 0.1453125 0.10625
19 0.5140625 0.71640625 0.5046875 0.159375
19 0.10078125 0.55625 0.2015625 0.6078125
43 0.55546875 0.39921875 0.2546875 0.221875
43 0.8296875 0.7234375 0.1875 0.1640625
43 0.734375 0.5328125 0.146875 0.1421875
43 0.92265625 0.44765625 0.1546875 0.1359375
36 0.67578125 0.83984375 0.1109375 0.1140625
36 0.584375 0.584375 0.134375 0.125
36 0.25703125 0.6140625 0.1546875 0.146875
36 0.81015625 0.3953125 0.134375 0.128125
49 0.390625 0.55625 0.165625 0.1703125
49 0.83046875 0.58046875 0.1140625 0.128125
25 0.33515625 0.3796875 0.253125 0.2703125
25 0.2953125 0.83671875 0.178125 0.134375
