21 0.1015625 0.18472222222222223 0.075 0.11388888888888889
21 0.30234375 0.10138888888888889 0.0828125 0.13055555555555556
21 0.171875 0.2625 0.0734375 0.13055555555555556
21 0.8859375 0.9236111111111112 0.06875 0.12777777777777777
21 0.91171875 0.44305555555555554 0.0578125 0.1361111111111111
21 0.86015625 0.29305555555555557 0.08125 0.13333333333333333
21 0.85234375 0.1361111111111111 0.0765625 0.13055555555555556
21 0.79375 0.20833333333333334 0.08125 0.13333333333333333
21 0.75546875 0.2833333333333333 0.078125 0.11944444444444445
21 0.70546875 0.36944444444444446 0.0875 0.13055555555555556
21 0.80703125 0.37083333333333335 0.08125 0.11666666666666667
21 0.75390625 0.44722222222222224 0.084375 0.13055555555555556
21 0.84375 0.6166666666666667 0.075 0.125
21 0.8015625 0.5319444444444444 0.0796875 0.12222222222222222
21 0.80546875 0.8513888888888889 0.0765625 0.12222222222222222
21 0.853125 0.4527777777777778 0.0671875 0.11666666666666667
21 0.796875 0.6944444444444444 0.0796875 0.12222222222222222
21 0.746875 0.7736111111111111 0.0828125 0.125
21 0.7484375 0.6097222222222223 0.08125 0.125
21 0.69296875 0.5263888888888889 0.084375 0.125
21 0.64296875 0.44583333333333336 0.0796875 0.11944444444444445
21 0.5734375 0.40694444444444444 0.0796875 0.12222222222222222
21 0.5609375 0.5236111111111111 0.084375 0.11944444444444445
21 0.665625 0.2763888888888889 0.08125 0.12777777777777777
21 0.74609375 0.0625 0.071875 0.125
21 0.690625 0.12083333333333333 0.084375 0.12222222222222222
21 0.6421875 0.04861111111111111 0.0859375 0.09722222222222222
21 0.61796875 0.19305555555555556 0.0828125 0.11944444444444445
21 0.56796875 0.27361111111111114 0.0828125 0.12222222222222222
21 0.48984375 0.2708333333333333 0.0796875 0.125
21 0.4828125 0.4361111111111111 0.084375 0.11388888888888889
21 0.75 0.9236111111111112 0.0796875 0.11666666666666667
21 0.70078125 0.8513888888888889 0.084375 0.11944444444444445
21 0.6578125 0.7722222222222223 0.08125 0.12777777777777777
21 0.64921875 0.9333333333333333 0.0765625 0.125
21 0.60390625 0.85 0.0859375 0.11666666666666667
21 0.55 0.7708333333333334 0.090625 0.12222222222222222
21 0.55234375 0.9319444444444445 0.06875 0.13055555555555556
21 0.4796875 0.9263888888888889 0.0796875 0.11388888888888889
21 0.4796875 0.6916666666666667 0.0828125 0.11944444444444445
21 0.43046875 0.6013888888888889 0.084375 0.12777777777777777
21 0.38203125 0.5194444444444445 0.0828125 0.12222222222222222
21 0.44140625 0.35 0.0875 0.11666666666666667
21 0.43046875 0.1875 0.08125 0.11666666666666667
21 0.38828125 0.26666666666666666 0.084375 0.125
21 0.56328125 0.1111111111111111 0.08125 0.125
21 0.51953125 0.04861111111111111 0.0734375 0.09722222222222222
21 0.45078125 0.043055555555555555 0.078125 0.08611111111111111
