25 0.6734375 0.63671875 0.1828125 0.134375
24 0.71875 0.7796875 0.1015625 0.075
49 0.37734375 0.7015625 0.1296875 0.15
11 0.5265625 0.56875 0.1484375 0.1078125
4 0.5578125 0.73671875 0.1546875 0.09375
11 0.37265625 0.540625 0.1484375 0.1296875
13 0.48203125 0.3578125 0.1953125 0.2546875
11 0.7609375 0.5015625 0.09375 0.1140625
7 0.63671875 0.4734375 0.125 0.1015625
7 0.64453125 0.3796875 0.10625 0.115625
9 0.584375 0.209375 0.1453125 0.153125
28 0.73828125 0.37890625 0.1109375 0.1328125
10 0.61171875 0.18359375 0.334375 0.353125
