21 0.16981132075471697 0.630801687763713 0.10377358490566038 0.10126582278481013
21 0.38207547169811323 0.689873417721519 0.12735849056603774 0.10126582278481013
21 0.2830188679245283 0.689873417721519 0.08018867924528301 0.08860759493670886
21 0.1580188679245283 0.8565400843881856 0.1509433962264151 0.1308016877637131
21 0.29009433962264153 0.7742616033755274 0.13679245283018868 0.08016877637130802
21 0.3891509433962264 0.8502109704641351 0.16037735849056603 0.1308016877637131
21 0.20754716981132076 0.9472573839662447 0.14150943396226415 0.09282700421940929
21 0.36556603773584906 0.9535864978902954 0.13679245283018868 0.09282700421940929
21 0.6108490566037735 0.7447257383966245 0.1320754716981132 0.10548523206751055
21 0.5471698113207547 0.8396624472573839 0.1320754716981132 0.09282700421940929
21 0.5 0.9240506329113924 0.1179245283018868 0.1518987341772152
21 0.6344339622641509 0.9324894514767933 0.13679245283018868 0.1350210970464135
