21 0.59 0.8958333333333334 0.14666666666666667 0.20833333333333334
21 0.46166666666666667 0.7648809523809523 0.10666666666666667 0.25595238095238093
21 0.051666666666666666 0.6130952380952381 0.1 0.13690476190476192
21 0.095 0.5357142857142857 0.10333333333333333 0.13690476190476192
21 0.08833333333333333 0.7291666666666666 0.1 0.13690476190476192
21 0.095 0.8839285714285714 0.12666666666666668 0.19642857142857142
21 0.235 0.8511904761904762 0.14333333333333334 0.2261904761904762
21 0.33666666666666667 0.7738095238095238 0.13 0.2261904761904762
21 0.6566666666666666 0.6488095238095238 0.14666666666666667 0.1488095238095238
21 0.7216666666666667 0.8809523809523809 0.15666666666666668 0.23809523809523808
21 0.9183333333333333 0.8452380952380952 0.15 0.27976190476190477
21 0.7983333333333333 0.7946428571428571 0.13666666666666666 0.18452380952380953
21 0.785 0.6041666666666666 0.1 0.19642857142857142
21 0.745 0.47023809523809523 0.10333333333333333 0.13095238095238096
21 0.77 0.37202380952380953 0.09666666666666666 0.1488095238095238
21 0.88 0.44047619047619047 0.11666666666666667 0.17261904761904762
21 0.93 0.6755952380952381 0.14 0.18452380952380953
21 0.8483333333333334 0.2767857142857143 0.08666666666666667 0.1488095238095238
21 0.5533333333333333 0.13988095238095238 0.07 0.1130952380952381
