21 0.096875 0.6125 0.075 0.11666666666666667
21 0.94453125 0.7180555555555556 0.071875 0.13333333333333333
21 0.91640625 0.48333333333333334 0.0625 0.1388888888888889
21 0.865625 0.5569444444444445 0.075 0.11666666666666667
21 0.8953125 0.24166666666666667 0.06875 0.15
21 0.82890625 0.2361111111111111 0.0734375 0.14166666666666666
21 0.765625 0.32083333333333336 0.0640625 0.1527777777777778
21 0.85 0.7930555555555555 0.0765625 0.11944444444444445
21 0.81015625 0.7180555555555556 0.0796875 0.125
21 0.75625 0.7958333333333333 0.078125 0.11944444444444445
21 0.8265625 0.9416666666666667 0.078125 0.1111111111111111
21 0.75625 0.9430555555555555 0.078125 0.1111111111111111
21 0.7078125 0.8694444444444445 0.0828125 0.12777777777777777
21 0.65234375 0.9444444444444444 0.08125 0.1111111111111111
21 0.6109375 0.8680555555555556 0.084375 0.12222222222222222
21 0.55078125 0.9458333333333333 0.0875 0.10833333333333334
21 0.55234375 0.7930555555555555 0.0890625 0.125
21 0.65234375 0.7944444444444444 0.08125 0.12222222222222222
21 0.70390625 0.7166666666666667 0.08125 0.11666666666666667
21 0.74453125 0.6347222222222222 0.0828125 0.11944444444444445
21 0.82578125 0.3972222222222222 0.08125 0.12777777777777777
21 0.77109375 0.4777777777777778 0.078125 0.125
21 0.70859375 0.3888888888888889 0.0859375 0.11944444444444445
21 0.6515625 0.4708333333333333 0.084375 0.12222222222222222
21 0.58359375 0.5388888888888889 0.0875 0.125
21 0.5421875 0.6305555555555555 0.0796875 0.12222222222222222
21 0.490625 0.5444444444444444 0.084375 0.12222222222222222
21 0.434375 0.6263888888888889 0.0859375 0.125
21 0.38828125 0.5388888888888889 0.084375 0.12222222222222222
21 0.33359375 0.6222222222222222 0.084375 0.12222222222222222
21 0.4234375 0.7875 0.084375 0.12777777777777777
21 0.81171875 0.075 0.0734375 0.12222222222222222
21 0.734375 0.05694444444444444 0.084375 0.1111111111111111
21 0.66484375 0.30694444444444446 0.0859375 0.12222222222222222
21 0.56640625 0.38472222222222224 0.084375 0.11944444444444445
21 0.76875 0.15138888888888888 0.084375 0.12777777777777777
21 0.68984375 0.14722222222222223 0.0828125 0.12222222222222222
21 0.65 0.06111111111111111 0.0796875 0.11666666666666667
21 0.6015625 0.1388888888888889 0.0828125 0.12222222222222222
21 0.55546875 0.058333333333333334 0.0796875 0.10277777777777777
21 0.52578125 0.21388888888888888 0.08125 0.12777777777777777
21 0.471875 0.29444444444444445 0.090625 0.12777777777777777
21 0.41640625 0.2125 0.090625 0.125
21 0.3703125 0.05277777777777778 0.0734375 0.10555555555555556
21 0.696875 0.5555555555555556 0.0765625 0.11944444444444445
21 0.625 0.6333333333333333 0.08125 0.12777777777777777
