21 0.51 0.36904761904761907 0.29333333333333333 0.4107142857142857
21 0.6033333333333334 0.6398809523809523 0.34 0.44642857142857145
21 0.7416666666666667 0.8958333333333334 0.3333333333333333 0.20833333333333334
21 0.2833333333333333 0.8690476190476191 0.30333333333333334 0.2619047619047619
21 0.225 0.6517857142857143 0.25333333333333335 0.3869047619047619
21 0.165 0.42857142857142855 0.21666666666666667 0.3273809523809524
21 0.13 0.20238095238095238 0.19 0.2857142857142857
21 0.415 0.17857142857142858 0.23333333333333334 0.2916666666666667
21 0.915 0.49107142857142855 0.17 0.5238095238095238
21 0.8483333333333334 0.25 0.30333333333333334 0.5
