21 0.2203125 0.1597222222222222 0.0875 0.125
21 0.73125 0.10277777777777777 0.0828125 0.13333333333333333
21 0.046875 0.6430555555555556 0.071875 0.13333333333333333
21 0.17109375 0.24166666666666667 0.078125 0.11666666666666667
21 0.81875 0.17916666666666667 0.075 0.1388888888888889
21 0.946875 0.28055555555555556 0.0765625 0.12222222222222222
21 0.05234375 0.8708333333333333 0.06875 0.11944444444444445
21 0.49453125 0.1625 0.0890625 0.12222222222222222
21 0.21796875 0.32083333333333336 0.0796875 0.12222222222222222
21 0.1015625 0.4013888888888889 0.084375 0.11666666666666667
21 0.05 0.3263888888888889 0.078125 0.1361111111111111
21 0.14609375 0.6583333333333333 0.0640625 0.14722222222222223
21 0.2296875 0.7319444444444444 0.08125 0.13333333333333333
21 0.19453125 0.8847222222222222 0.071875 0.11944444444444445
21 0.3765625 0.40555555555555556 0.0828125 0.11944444444444445
21 0.37734375 0.5722222222222222 0.0859375 0.11666666666666667
21 0.85625 0.2708333333333333 0.08125 0.125
21 0.815625 0.3458333333333333 0.08125 0.12222222222222222
21 0.84296875 0.8986111111111111 0.0765625 0.11388888888888889
21 0.90859375 0.3527777777777778 0.071875 0.11944444444444445
21 0.92265625 0.5138888888888888 0.065625 0.14166666666666666
21 0.8875 0.5930555555555556 0.0671875 0.13055555555555556
21 0.7328125 0.2611111111111111 0.078125 0.11944444444444445
21 0.62578125 0.2513888888888889 0.0859375 0.12222222222222222
21 0.54609375 0.325 0.090625 0.12222222222222222
21 0.4328125 0.32222222222222224 0.090625 0.11944444444444445
21 0.6734375 0.32916666666666666 0.0921875 0.12222222222222222
21 0.49375 0.4111111111111111 0.084375 0.12222222222222222
21 0.709375 0.42916666666666664 0.0734375 0.13055555555555556
21 0.61640625 0.41388888888888886 0.084375 0.11666666666666667
21 0.5640625 0.49722222222222223 0.0890625 0.125
21 0.4953125 0.5791666666666667 0.084375 0.12777777777777777
21 0.43671875 0.6597222222222222 0.0875 0.11944444444444445
21 0.83203125 0.5069444444444444 0.06875 0.125
21 0.7578125 0.5041666666666667 0.0828125 0.11944444444444445
21 0.70234375 0.5763888888888888 0.075 0.11944444444444445
21 0.61953125 0.5833333333333334 0.08125 0.125
21 0.5734375 0.9611111111111111 0.0875 0.07777777777777778
21 0.409375 0.8986111111111111 0.084375 0.13055555555555556
21 0.4625 0.8222222222222222 0.0890625 0.125
21 0.6171875 0.9027777777777778 0.0796875 0.1111111111111111
21 0.77890625 0.825 0.0796875 0.11388888888888889
21 0.84140625 0.7513888888888889 0.071875 0.12777777777777777
21 0.80859375 0.6583333333333333 0.0640625 0.1527777777777778
21 0.74609375 0.6638888888888889 0.0671875 0.15
21 0.66484375 0.6694444444444444 0.08125 0.12777777777777777
21 0.54765625 0.6625 0.08125 0.12222222222222222
21 0.546875 0.8236111111111111 0.084375 0.12222222222222222
21 0.596875 0.7444444444444445 0.0875 0.12777777777777777
21 0.7234375 0.9083333333333333 0.0765625 0.12222222222222222
21 0.69296875 0.8263888888888888 0.0796875 0.12222222222222222
21 0.8546875 0.04861111111111111 0.084375 0.09722222222222222
