21 0.2171875 0.5111111111111111 0.090625 0.11666666666666667
21 0.7765625 0.9222222222222223 0.0796875 0.11666666666666667
21 0.703125 0.9125 0.0765625 0.12222222222222222
21 0.759375 0.8347222222222223 0.075 0.11666666666666667
21 0.84140625 0.7722222222222223 0.071875 0.11944444444444445
21 0.8609375 0.6180555555555556 0.071875 0.1361111111111111
21 0.80390625 0.6944444444444444 0.078125 0.11666666666666667
21 0.7296875 0.6930555555555555 0.0796875 0.11944444444444445
21 0.690625 0.7694444444444445 0.08125 0.12777777777777777
21 0.6375 0.8541666666666666 0.078125 0.11944444444444445
21 0.60703125 0.7611111111111111 0.0734375 0.12777777777777777
21 0.63046875 0.6083333333333333 0.0859375 0.11944444444444445
21 0.54453125 0.6069444444444444 0.090625 0.12222222222222222
21 0.77578125 0.5347222222222222 0.0828125 0.12222222222222222
21 0.565625 0.9291666666666667 0.08125 0.11388888888888889
21 0.534375 0.7680555555555556 0.08125 0.12222222222222222
21 0.465625 0.6902777777777778 0.084375 0.125
21 0.35234375 0.6847222222222222 0.0828125 0.11944444444444445
21 0.26328125 0.6736111111111112 0.0765625 0.13333333333333333
21 0.1953125 0.675 0.071875 0.11944444444444445
21 0.14375 0.7458333333333333 0.075 0.12222222222222222
21 0.0625 0.7375 0.0734375 0.11388888888888889
21 0.0765625 0.8944444444444445 0.0765625 0.125
21 0.82578125 0.45416666666666666 0.0765625 0.11944444444444445
21 0.8640625 0.37083333333333335 0.0796875 0.11944444444444445
21 0.8078125 0.2833333333333333 0.0703125 0.1388888888888889
21 0.85546875 0.2152777777777778 0.075 0.12222222222222222
21 0.88828125 0.06805555555555555 0.075 0.11944444444444445
21 0.8140625 0.13333333333333333 0.0796875 0.12222222222222222
21 0.7703125 0.05555555555555555 0.078125 0.1111111111111111
21 0.68828125 0.08194444444444444 0.0859375 0.11944444444444445
21 0.728125 0.44722222222222224 0.08125 0.12222222222222222
21 0.7390625 0.2861111111111111 0.0734375 0.11944444444444445
21 0.70859375 0.1875 0.0859375 0.125
21 0.6640625 0.2777777777777778 0.084375 0.12222222222222222
21 0.6203125 0.19305555555555556 0.0859375 0.11944444444444445
21 0.53984375 0.2722222222222222 0.0890625 0.12222222222222222
21 0.49609375 0.10555555555555556 0.0875 0.125
21 0.40703125 0.10416666666666667 0.0890625 0.12222222222222222
21 0.64921875 0.44166666666666665 0.0859375 0.12777777777777777
21 0.60078125 0.35555555555555557 0.0875 0.11944444444444445
21 0.55234375 0.4375 0.090625 0.13055555555555556
21 0.49609375 0.5208333333333334 0.08125 0.1111111111111111
