21 0.16544117647058823 0.08108108108108109 0.19852941176470587 0.16216216216216217
21 0.14338235294117646 0.25675675675675674 0.1801470588235294 0.1837837837837838
21 0.11764705882352941 0.42702702702702705 0.21691176470588236 0.2810810810810811
21 0.06985294117647059 0.7864864864864864 0.13970588235294118 0.32972972972972975
21 0.2977941176470588 0.4756756756756757 0.13970588235294118 0.24864864864864866
21 0.25183823529411764 0.7162162162162162 0.14338235294117646 0.24864864864864866
21 0.11764705882352941 0.9108108108108108 0.21691176470588236 0.1783783783783784
21 0.41911764705882354 0.12702702702702703 0.16911764705882354 0.24864864864864866
21 0.4577205882352941 0.35135135135135137 0.16544117647058823 0.21081081081081082
21 0.4852941176470588 0.5783783783783784 0.14338235294117646 0.2594594594594595
21 0.3786764705882353 0.7054054054054054 0.11397058823529412 0.24324324324324326
21 0.4852941176470588 0.8621621621621621 0.15073529411764705 0.2756756756756757
21 0.6158088235294118 0.31351351351351353 0.15073529411764705 0.24324324324324326
21 0.7077205882352942 0.17297297297297298 0.13970588235294118 0.23243243243243245
21 0.8198529411764706 0.5540540540540541 0.13602941176470587 0.22702702702702704
21 0.625 0.5135135135135135 0.16176470588235295 0.1945945945945946
21 0.71875 0.42162162162162165 0.10661764705882353 0.21621621621621623
21 0.6047794117647058 0.7945945945945946 0.125 0.23783783783783785
21 0.7095588235294118 0.7810810810810811 0.10661764705882353 0.21621621621621623
21 0.8400735294117647 0.7621621621621621 0.13970588235294118 0.1891891891891892
21 0.7886029411764706 0.9162162162162162 0.13602941176470587 0.16756756756756758
21 0.9264705882352942 0.8864864864864865 0.1323529411764706 0.21621621621621623
21 0.8235294117647058 0.20540540540540542 0.10661764705882353 0.21081081081081082
21 0.9338235294117647 0.3081081081081081 0.1323529411764706 0.17297297297297298
