21 0.521505376344086 0.292817679558011 0.07885304659498207 0.1878453038674033
21 0.5304659498207885 0.4419889502762431 0.08602150537634409 0.17679558011049723
21 0.543010752688172 0.6022099447513812 0.1003584229390681 0.19889502762430938
21 0.5591397849462365 0.7983425414364641 0.1111111111111111 0.2265193370165746
21 0.24731182795698925 0.6546961325966851 0.08243727598566308 0.17679558011049723
21 0.3781362007168459 0.712707182320442 0.07885304659498207 0.19337016574585636
21 0.37455197132616486 0.5386740331491713 0.08960573476702509 0.13812154696132597
21 0.37455197132616486 0.39779005524861877 0.08602150537634409 0.14917127071823205
21 0.45698924731182794 0.5773480662983426 0.07526881720430108 0.1878453038674033
21 0.45161290322580644 0.4171270718232044 0.06451612903225806 0.13259668508287292
21 0.6218637992831542 0.5607734806629834 0.05734767025089606 0.16022099447513813
21 0.5949820788530465 0.2513812154696133 0.06810035842293907 0.1270718232044199
21 0.6111111111111112 0.40331491712707185 0.06451612903225806 0.15469613259668508
21 0.7132616487455197 0.494475138121547 0.053763440860215055 0.15469613259668508
21 0.7329749103942652 0.649171270718232 0.07526881720430108 0.17679558011049723
