21 0.325 0.8694444444444445 0.0828125 0.12777777777777777
21 0.50390625 0.8069444444444445 0.0828125 0.125
21 0.64765625 0.825 0.0640625 0.16111111111111112
21 0.7265625 0.8166666666666667 0.075 0.12777777777777777
21 0.85625 0.9 0.059375 0.14444444444444443
21 0.428125 0.8805555555555555 0.078125 0.14722222222222223
21 0.27890625 0.9416666666666667 0.0796875 0.11666666666666667
21 0.58046875 0.8083333333333333 0.071875 0.14444444444444443
21 0.7734375 0.8972222222222223 0.08125 0.11388888888888889
21 0.696875 0.9055555555555556 0.0765625 0.125
21 0.5578125 0.9430555555555555 0.078125 0.10833333333333334
21 0.4828125 0.9472222222222222 0.0734375 0.10277777777777777
21 0.9125 0.9013888888888889 0.05625 0.15
21 0.1 0.9708333333333333 0.078125 0.058333333333333334
21 0.228125 0.9708333333333333 0.0625 0.058333333333333334
21 0.6359375 0.9569444444444445 0.0953125 0.08611111111111111
21 0.80390625 0.9597222222222223 0.0875 0.08055555555555556
