21 0.05546875 0.3388888888888889 0.071875 0.1361111111111111
21 0.06640625 0.4513888888888889 0.075 0.1111111111111111
21 0.375 0.05416666666666667 0.084375 0.10833333333333334
21 0.91640625 0.23194444444444445 0.0578125 0.1361111111111111
21 0.9421875 0.48194444444444445 0.0703125 0.1361111111111111
21 0.8984375 0.7194444444444444 0.0703125 0.125
21 0.84296875 0.6361111111111111 0.0703125 0.11666666666666667
21 0.84921875 0.4777777777777778 0.075 0.11666666666666667
21 0.8609375 0.24583333333333332 0.0609375 0.15
21 0.8140625 0.31666666666666665 0.078125 0.125
21 0.77421875 0.3902777777777778 0.0796875 0.12777777777777777
21 0.74140625 0.4777777777777778 0.071875 0.13055555555555556
21 0.7765625 0.7180555555555556 0.0640625 0.13055555555555556
21 0.7703125 0.8875 0.0625 0.14444444444444443
21 0.73515625 0.7986111111111112 0.0796875 0.11666666666666667
21 0.81953125 0.7916666666666666 0.0734375 0.1111111111111111
21 0.55390625 0.6347222222222222 0.084375 0.13333333333333333
21 0.71875 0.6402777777777777 0.071875 0.11944444444444445
21 0.6796875 0.5513888888888889 0.0796875 0.11666666666666667
21 0.5984375 0.55 0.0859375 0.12777777777777777
21 0.54921875 0.46111111111111114 0.0828125 0.13055555555555556
21 0.47109375 0.4625 0.078125 0.12222222222222222
21 0.434375 0.5444444444444444 0.0875 0.125
21 0.64375 0.3902777777777778 0.0828125 0.13055555555555556
21 0.678125 0.30694444444444446 0.0796875 0.125
21 0.75703125 0.23194444444444445 0.078125 0.13055555555555556
21 0.79140625 0.1527777777777778 0.075 0.1388888888888889
21 0.834375 0.08333333333333333 0.0796875 0.1111111111111111
21 0.70546875 0.06944444444444445 0.075 0.1111111111111111
21 0.665625 0.14305555555555555 0.084375 0.11666666666666667
21 0.58984375 0.058333333333333334 0.0796875 0.11666666666666667
21 0.51328125 0.12916666666666668 0.0796875 0.11944444444444445
21 0.42890625 0.12777777777777777 0.0890625 0.12222222222222222
21 0.5546875 0.21805555555555556 0.0875 0.12222222222222222
21 0.47421875 0.29583333333333334 0.0859375 0.12222222222222222
21 0.3359375 0.37222222222222223 0.075 0.14722222222222223
21 0.27109375 0.6222222222222222 0.0703125 0.15
21 0.25625 0.7847222222222222 0.06875 0.14444444444444443
21 0.18828125 0.8569444444444444 0.071875 0.11666666666666667
21 0.55234375 0.7972222222222223 0.0796875 0.12222222222222222
21 0.40703125 0.8708333333333333 0.078125 0.11944444444444445
21 0.59765625 0.8777777777777778 0.084375 0.11666666666666667
21 0.5265625 0.95 0.0765625 0.1
