21 0.6569767441860465 0.6564102564102564 0.18992248062015504 0.2153846153846154
21 0.5484496124031008 0.7615384615384615 0.1821705426356589 0.2564102564102564
21 0.4127906976744186 0.8102564102564103 0.13565891472868216 0.26153846153846155
21 0.2693798449612403 0.7769230769230769 0.13953488372093023 0.24615384615384617
21 0.14922480620155038 0.7076923076923077 0.16279069767441862 0.2153846153846154
21 0.12596899224806202 0.5128205128205128 0.18604651162790697 0.19487179487179487
21 0.16472868217054262 0.33589743589743587 0.17054263565891473 0.18461538461538463
21 0.24806201550387597 0.2128205128205128 0.15503875968992248 0.23076923076923078
21 0.38372093023255816 0.18461538461538463 0.1511627906976744 0.22564102564102564
21 0.5116279069767442 0.2 0.1511627906976744 0.26153846153846155
21 0.6182170542635659 0.30512820512820515 0.17054263565891473 0.21025641025641026
21 0.6666666666666666 0.47435897435897434 0.17829457364341086 0.17435897435897435
