21 0.2234375 0.3138888888888889 0.0828125 0.125
21 0.28359375 0.23472222222222222 0.06875 0.15
21 0.38046875 0.3125 0.0796875 0.1388888888888889
21 0.54921875 0.3138888888888889 0.075 0.13333333333333333
21 0.40625 0.4861111111111111 0.084375 0.11666666666666667
21 0.5 0.5680555555555555 0.06875 0.1388888888888889
21 0.4125 0.8125 0.0828125 0.12222222222222222
21 0.63359375 0.8986111111111111 0.071875 0.13333333333333333
21 0.7984375 0.6652777777777777 0.075 0.11666666666666667
21 0.81328125 0.8944444444444445 0.06875 0.1111111111111111
21 0.625 0.325 0.0828125 0.11388888888888889
21 0.728125 0.33055555555555555 0.084375 0.125
21 0.81171875 0.25833333333333336 0.0859375 0.11388888888888889
21 0.78984375 0.1 0.078125 0.11388888888888889
21 0.8734375 0.18611111111111112 0.071875 0.125
21 0.8578125 0.34305555555555556 0.0765625 0.11666666666666667
