21 0.10231023102310231 0.0963855421686747 0.1188118811881188 0.18674698795180722
21 0.17986798679867988 0.5843373493975904 0.15181518151815182 0.2710843373493976
21 0.36303630363036304 0.8734939759036144 0.18151815181518152 0.25301204819277107
21 0.3844884488448845 0.39156626506024095 0.13861386138613863 0.23493975903614459
21 0.39933993399339934 0.1897590361445783 0.1188118811881188 0.18072289156626506
21 0.14026402640264027 0.8493975903614458 0.14521452145214522 0.30120481927710846
21 0.0594059405940594 0.5993975903614458 0.1188118811881188 0.22289156626506024
21 0.05115511551155116 0.42168674698795183 0.0891089108910891 0.18674698795180722
21 0.2623762376237624 0.2891566265060241 0.09570957095709572 0.25903614457831325
21 0.30198019801980197 0.12048192771084337 0.12211221122112212 0.24096385542168675
