21 0.48125 0.44025157232704404 0.2375 0.2695417789757412
21 0.69375 0.6199460916442049 0.204375 0.3297394429469901
21 0.8709375 0.3953279424977538 0.191875 0.28751123090745734
21 0.7271875 0.24573225516621744 0.2 0.27583108715184185
21 0.340625 0.7264150943396226 0.201875 0.32075471698113206
21 0.146875 0.7142857142857143 0.198125 0.36208445642407905
21 0.6303125 0.8746630727762803 0.24375 0.2398921832884097
21 0.590625 0.3414195867026056 0.198125 0.2398921832884097
21 0.1553125 0.435759209344115 0.18125 0.29649595687331537
21 0.3290625 0.4371069182389937 0.1625 0.2695417789757412
21 0.265625 0.20215633423180593 0.18125 0.2605570530098832
21 0.4375 0.19002695417789758 0.154375 0.25426774483378256
