21 0.053125 0.18333333333333332 0.0734375 0.11666666666666667
21 0.4234375 0.09027777777777778 0.0875 0.11944444444444445
21 0.26328125 0.3388888888888889 0.084375 0.11388888888888889
21 0.26796875 0.5041666666666667 0.084375 0.11388888888888889
21 0.16171875 0.7402777777777778 0.084375 0.13055555555555556
21 0.0796875 0.9513888888888888 0.078125 0.09722222222222222
21 0.121875 0.8916666666666667 0.08125 0.11944444444444445
21 0.90546875 0.9166666666666666 0.0625 0.10555555555555556
21 0.89453125 0.8125 0.0703125 0.12222222222222222
21 0.828125 0.8333333333333334 0.0765625 0.11388888888888889
21 0.82109375 0.6833333333333333 0.078125 0.11388888888888889
21 0.76484375 0.6 0.078125 0.11666666666666667
21 0.9234375 0.14166666666666666 0.065625 0.1388888888888889
21 0.778125 0.1125 0.0765625 0.12777777777777777
21 0.70234375 0.09305555555555556 0.065625 0.13333333333333333
21 0.6234375 0.09722222222222222 0.084375 0.12222222222222222
21 0.56796875 0.18194444444444444 0.0859375 0.11666666666666667
21 0.5125 0.2625 0.084375 0.11944444444444445
21 0.46484375 0.17916666666666667 0.0859375 0.125
21 0.8625 0.28194444444444444 0.075 0.12222222222222222
21 0.821875 0.35694444444444445 0.078125 0.11388888888888889
21 0.7765625 0.275 0.08125 0.11944444444444445
21 0.7359375 0.19583333333333333 0.0765625 0.125
21 0.665625 0.18333333333333332 0.078125 0.12777777777777777
21 0.62578125 0.2652777777777778 0.0859375 0.13055555555555556
21 0.75859375 0.44027777777777777 0.0859375 0.13333333333333333
21 0.71953125 0.35138888888888886 0.0765625 0.11666666666666667
21 0.6703125 0.43194444444444446 0.08125 0.11944444444444445
21 0.62109375 0.5125 0.08125 0.125
21 0.78984375 0.9486111111111111 0.0703125 0.10277777777777777
21 0.7296875 0.9097222222222222 0.0640625 0.11388888888888889
21 0.74140625 0.7652777777777777 0.0765625 0.1361111111111111
21 0.67734375 0.8388888888888889 0.08125 0.11666666666666667
21 0.6375 0.7597222222222222 0.08125 0.12222222222222222
21 0.71015625 0.6763888888888889 0.075 0.13055555555555556
21 0.6625 0.6 0.078125 0.1361111111111111
21 0.5671875 0.42916666666666664 0.0890625 0.11944444444444445
21 0.47890625 0.4236111111111111 0.0859375 0.11944444444444445
21 0.43515625 0.5152777777777777 0.0734375 0.14444444444444443
21 0.34609375 0.4236111111111111 0.0859375 0.11944444444444445
21 0.3375 0.5916666666666667 0.0796875 0.125
21 0.5171875 0.9222222222222223 0.0875 0.11666666666666667
21 0.4703125 0.8388888888888889 0.0859375 0.11666666666666667
21 0.4140625 0.7555555555555555 0.0828125 0.12777777777777777
21 0.565625 0.5986111111111111 0.0875 0.1361111111111111
21 0.51796875 0.6805555555555556 0.0875 0.125
21 0.8265625 0.05277777777777778 0.078125 0.10555555555555556
