21 0.806949806949807 0.2912371134020619 0.14671814671814673 0.16494845360824742
21 0.9420849420849421 0.2860824742268041 0.11196911196911197 0.15463917525773196
21 0.9343629343629344 0.12628865979381443 0.12355212355212356 0.14948453608247422
21 0.7972972972972973 0.5180412371134021 0.13127413127413126 0.17525773195876287
21 0.8011583011583011 0.7036082474226805 0.1274131274131274 0.19072164948453607
21 0.7972972972972973 0.9201030927835051 0.138996138996139 0.14948453608247422
21 0.9362934362934363 0.9175257731958762 0.1274131274131274 0.16494845360824742
21 0.9382239382239382 0.7139175257731959 0.12355212355212356 0.18556701030927836
21 0.9343629343629344 0.5154639175257731 0.1274131274131274 0.18556701030927836
21 0.5115830115830116 0.4948453608247423 0.13127413127413126 0.17010309278350516
21 0.6351351351351351 0.9149484536082474 0.138996138996139 0.17010309278350516
21 0.5038610038610039 0.8994845360824743 0.1274131274131274 0.17525773195876287
21 0.5135135135135135 0.6701030927835051 0.1274131274131274 0.18041237113402062
21 0.36293436293436293 0.49226804123711343 0.13127413127413126 0.17010309278350516
21 0.36486486486486486 0.6701030927835051 0.14671814671814673 0.17525773195876287
21 0.18532818532818532 0.6262886597938144 0.14671814671814673 0.17525773195876287
21 0.1891891891891892 0.4484536082474227 0.12355212355212356 0.15979381443298968
21 0.059845559845559844 0.44587628865979384 0.11969111969111969 0.17525773195876287
21 0.05405405405405406 0.6314432989690721 0.10424710424710425 0.17525773195876287
21 0.19111969111969113 0.8788659793814433 0.15057915057915058 0.211340206185567
21 0.3687258687258687 0.904639175257732 0.13513513513513514 0.19072164948453607
21 0.059845559845559844 0.8711340206185567 0.10424710424710425 0.20618556701030927
21 0.19884169884169883 0.22938144329896906 0.15444015444015444 0.17010309278350516
21 0.21428571428571427 0.07216494845360824 0.138996138996139 0.13917525773195877
21 0.3861003861003861 0.27319587628865977 0.13127413127413126 0.14948453608247422
21 0.07528957528957529 0.06701030927835051 0.12355212355212356 0.13402061855670103
21 0.06177606177606178 0.21391752577319587 0.12355212355212356 0.12886597938144329
21 0.38223938223938225 0.0979381443298969 0.13513513513513514 0.17525773195876287
21 0.527027027027027 0.11082474226804123 0.13127413127413126 0.16494845360824742
21 0.6621621621621622 0.2860824742268041 0.1274131274131274 0.15979381443298968
21 0.5212355212355212 0.2654639175257732 0.13513513513513514 0.14432989690721648
21 0.6621621621621622 0.11855670103092783 0.1274131274131274 0.17010309278350516
21 0.7934362934362934 0.11597938144329897 0.13127413127413126 0.17010309278350516
