24 0.2546875 0.3328125 0.0765625 0.1078125
4 0.303125 0.490625 0.1015625 0.2125
49 0.33203125 0.6671875 0.1390625 0.1375
11 0.48828125 0.6734375 0.1453125 0.1640625
11 0.4515625 0.515625 0.1203125 0.146875
11 0.521875 0.28359375 0.1203125 0.0953125
7 0.54296875 0.40625 0.115625 0.125
7 0.6421875 0.39921875 0.1203125 0.1015625
28 0.6453125 0.3015625 0.1140625 0.09375
25 0.39453125 0.37109375 0.1453125 0.146875
13 0.6734375 0.55546875 0.221875 0.2015625
9 0.81484375 0.4546875 0.1734375 0.1453125
10 0.83515625 0.4234375 0.325 0.3328125
