21 0.721875 0.9097222222222222 0.078125 0.1111111111111111
21 0.8515625 0.8263888888888888 0.0734375 0.11388888888888889
21 0.8859375 0.6847222222222222 0.0625 0.15
21 0.896875 0.3625 0.05625 0.14166666666666666
21 0.8828125 0.1986111111111111 0.0734375 0.11666666666666667
21 0.83828125 0.2708333333333333 0.08125 0.12222222222222222
21 0.7890625 0.34444444444444444 0.0828125 0.11666666666666667
21 0.74453125 0.2611111111111111 0.0828125 0.12777777777777777
21 0.88125 0.05277777777777778 0.0734375 0.10555555555555556
21 0.8125 0.1111111111111111 0.075 0.12222222222222222
21 0.765625 0.8305555555555556 0.0796875 0.1111111111111111
21 0.8125 0.7527777777777778 0.075 0.11944444444444445
21 0.7765625 0.6736111111111112 0.078125 0.1111111111111111
21 0.70234375 0.6708333333333333 0.078125 0.12222222222222222
21 0.6578125 0.7527777777777778 0.0828125 0.125
21 0.6484375 0.9083333333333333 0.0796875 0.11388888888888889
21 0.4625 0.9152777777777777 0.06875 0.14166666666666666
21 0.5984375 0.8291666666666667 0.0859375 0.12222222222222222
21 0.6046875 0.6722222222222223 0.0890625 0.125
21 0.54921875 0.7513888888888889 0.08125 0.11944444444444445
21 0.5 0.8291666666666667 0.084375 0.12222222222222222
21 0.84375 0.42777777777777776 0.08125 0.12222222222222222
21 0.790625 0.5111111111111111 0.08125 0.12222222222222222
21 0.73515625 0.425 0.0875 0.125
21 0.69296875 0.5111111111111111 0.0828125 0.12222222222222222
21 0.63671875 0.41944444444444445 0.0859375 0.11388888888888889
21 0.59609375 0.5069444444444444 0.084375 0.125
21 0.53984375 0.4152777777777778 0.08125 0.11944444444444445
21 0.45703125 0.41388888888888886 0.0859375 0.11666666666666667
21 0.41171875 0.49722222222222223 0.084375 0.125
21 0.4359375 0.6666666666666666 0.0859375 0.11944444444444445
21 0.365625 0.5763888888888888 0.0828125 0.125
21 0.3546875 0.4125 0.0859375 0.11666666666666667
21 0.30546875 0.49444444444444446 0.0890625 0.12222222222222222
21 0.2296875 0.4861111111111111 0.0703125 0.13055555555555556
21 0.23515625 0.6569444444444444 0.08125 0.12777777777777777
21 0.7046875 0.17916666666666667 0.075 0.11666666666666667
21 0.66015625 0.2611111111111111 0.0859375 0.125
21 0.609375 0.16805555555555557 0.0875 0.12777777777777777
21 0.55 0.09027777777777778 0.09375 0.13055555555555556
21 0.53828125 0.24861111111111112 0.084375 0.12777777777777777
21 0.35546875 0.24305555555555555 0.0875 0.11944444444444445
21 0.40703125 0.08611111111111111 0.0921875 0.12222222222222222
