21 0.14277777777777778 0.4774011299435028 0.09888888888888889 0.15254237288135594
21 0.23166666666666666 0.5612052730696798 0.1111111111111111 0.1374764595103578
21 0.3438888888888889 0.527306967984934 0.11888888888888889 0.18267419962335216
21 0.2866666666666667 0.4340866290018832 0.10333333333333333 0.12052730696798493
21 0.3838888888888889 0.3493408662900188 0.09555555555555556 0.15065913370998116
21 0.28944444444444445 0.3418079096045198 0.09666666666666666 0.08662900188323917
21 0.2833333333333333 0.8418079096045198 0.1411111111111111 0.21468926553672316
21 0.3616666666666667 0.7476459510357816 0.10777777777777778 0.18267419962335216
21 0.4272222222222222 0.6619585687382298 0.12333333333333334 0.16195856873822975
21 0.5205555555555555 0.5772128060263654 0.13666666666666666 0.2128060263653484
21 0.605 0.6836158192090396 0.12333333333333334 0.20903954802259886
21 0.7366666666666667 0.731638418079096 0.13666666666666666 0.24670433145009416
21 0.8405555555555555 0.7033898305084746 0.09 0.1902071563088512
21 0.7061111111111111 0.4708097928436911 0.1811111111111111 0.22033898305084745
21 0.8366666666666667 0.4717514124293785 0.12333333333333334 0.2128060263653484
21 0.8816666666666667 0.403954802259887 0.11555555555555555 0.18832391713747645
21 0.8283333333333334 0.332391713747646 0.09888888888888889 0.11487758945386065
21 0.7522222222222222 0.2815442561205273 0.09888888888888889 0.1807909604519774
21 0.6594444444444445 0.2853107344632768 0.0811111111111111 0.14500941619585686
21 0.58 0.3069679849340866 0.1 0.16195856873822975
21 0.5133333333333333 0.3446327683615819 0.12222222222222222 0.16195856873822975
21 0.5022222222222222 0.4425612052730697 0.1411111111111111 0.1902071563088512
