21 0.48 0.8060109289617486 0.11636363636363636 0.22950819672131148
21 0.3618181818181818 0.7513661202185792 0.12 0.20218579234972678
21 0.24545454545454545 0.7786885245901639 0.12363636363636364 0.18579234972677597
21 0.12363636363636364 0.8032786885245902 0.12727272727272726 0.17486338797814208
21 0.16727272727272727 0.644808743169399 0.11272727272727273 0.17486338797814208
21 0.056363636363636366 0.6557377049180327 0.10181818181818182 0.1912568306010929
21 0.2290909090909091 0.9344262295081968 0.11636363636363636 0.13114754098360656
21 0.2290909090909091 0.453551912568306 0.09454545454545454 0.22404371584699453
21 0.12181818181818181 0.49453551912568305 0.12 0.18032786885245902
21 0.14909090909090908 0.3524590163934426 0.13090909090909092 0.12021857923497267
21 0.08727272727272728 0.2677595628415301 0.11272727272727273 0.12568306010928962
21 0.07090909090909091 0.1448087431693989 0.13090909090909092 0.11475409836065574
21 0.04727272727272727 0.4371584699453552 0.08727272727272728 0.17486338797814208
21 0.3145454545454546 0.3114754098360656 0.12363636363636364 0.15300546448087432
21 0.2290909090909091 0.22131147540983606 0.09454545454545454 0.19672131147540983
21 0.15818181818181817 0.04371584699453552 0.10545454545454545 0.08196721311475409
21 0.33636363636363636 0.15846994535519127 0.10909090909090909 0.15846994535519127
21 0.4381818181818182 0.18579234972677597 0.09454545454545454 0.15300546448087432
21 0.3472727272727273 0.453551912568306 0.11636363636363636 0.15846994535519127
21 0.28 0.6010928961748634 0.10545454545454545 0.18579234972677597
21 0.4218181818181818 0.6174863387978142 0.10181818181818182 0.1912568306010929
21 0.4509090909090909 0.4262295081967213 0.10181818181818182 0.17486338797814208
21 0.5618181818181818 0.4344262295081967 0.11636363636363636 0.1912568306010929
21 0.5 0.273224043715847 0.13818181818181818 0.1366120218579235
21 0.5290909090909091 0.592896174863388 0.12363636363636364 0.19672131147540983
21 0.5981818181818181 0.7950819672131147 0.10181818181818182 0.22950819672131148
21 0.6472727272727272 0.5655737704918032 0.10181818181818182 0.21311475409836064
21 0.48 0.05737704918032787 0.09090909090909091 0.10382513661202186
21 0.5563636363636364 0.1448087431693989 0.10181818181818182 0.13114754098360656
21 0.6290909090909091 0.2677595628415301 0.09454545454545454 0.16939890710382513
21 0.6527272727272727 0.3907103825136612 0.10181818181818182 0.15300546448087432
21 0.7418181818181818 0.4262295081967213 0.12363636363636364 0.1912568306010929
21 0.7472727272727273 0.6502732240437158 0.12363636363636364 0.18032786885245902
21 0.7054545454545454 0.8060109289617486 0.12363636363636364 0.20765027322404372
21 0.8945454545454545 0.6612021857923497 0.13090909090909092 0.15846994535519127
21 0.7709090909090909 0.2786885245901639 0.10545454545454545 0.15300546448087432
21 0.8272727272727273 0.7950819672131147 0.12727272727272726 0.17486338797814208
21 0.8581818181818182 0.3442622950819672 0.08727272727272728 0.16939890710382513
21 0.7 0.18032786885245902 0.11636363636363636 0.16939890710382513
21 0.8618181818181818 0.14207650273224043 0.08727272727272728 0.18032786885245902
21 0.6836363636363636 0.05191256830601093 0.10545454545454545 0.10382513661202186
21 0.5854545454545454 0.06557377049180328 0.11636363636363636 0.13114754098360656
21 0.9472727272727273 0.21311475409836064 0.10181818181818182 0.1912568306010929
21 0.8327272727272728 0.5163934426229508 0.10181818181818182 0.14207650273224043
21 0.9254545454545454 0.49453551912568305 0.08 0.16939890710382513
21 0.35454545454545455 0.9316939890710383 0.12 0.1366120218579235
21 0.8309090909090909 0.9234972677595629 0.11636363636363636 0.14754098360655737
21 0.3563636363636364 0.040983606557377046 0.12727272727272726 0.08196721311475409
21 0.2581818181818182 0.06557377049180328 0.08363636363636363 0.13114754098360656
21 0.9454545454545454 0.8087431693989071 0.10909090909090909 0.16393442622950818
