21 0.786 0.8070175438596491 0.08 0.1594896331738437
21 0.708 0.8133971291866029 0.084 0.14035087719298245
21 0.737 0.6874003189792663 0.07 0.11164274322169059
21 0.671 0.6395534290271132 0.074 0.14354066985645933
21 0.601 0.6028708133971292 0.074 0.1467304625199362
21 0.523 0.6220095693779905 0.078 0.1339712918660287
21 0.552 0.7368421052631579 0.08 0.11483253588516747
21 0.631 0.7607655502392344 0.082 0.18181818181818182
21 0.422 0.620414673046252 0.084 0.14992025518341306
21 0.465 0.7113237639553429 0.082 0.12759170653907495
