21 0.96171875 0.6041666666666666 0.0609375 0.16111111111111112
21 0.91875 0.8583333333333333 0.078125 0.11944444444444445
21 0.85546875 0.8125 0.0828125 0.13333333333333333
21 0.8578125 0.6986111111111111 0.0703125 0.13055555555555556
21 0.89453125 0.5430555555555555 0.0765625 0.13055555555555556
21 0.9703125 0.4666666666666667 0.059375 0.1361111111111111
21 0.95703125 0.2986111111111111 0.065625 0.1388888888888889
21 0.9203125 0.3861111111111111 0.0828125 0.125
21 0.86953125 0.4444444444444444 0.0703125 0.12777777777777777
21 0.86484375 0.30277777777777776 0.06875 0.13333333333333333
21 0.896875 0.22083333333333333 0.065625 0.1361111111111111
21 0.890625 0.07083333333333333 0.0734375 0.1361111111111111
21 0.78515625 0.11805555555555555 0.0828125 0.12777777777777777
21 0.73671875 0.2763888888888889 0.0875 0.11388888888888889
21 0.81171875 0.2111111111111111 0.0796875 0.125
21 0.73359375 0.4041666666666667 0.0671875 0.16111111111111112
21 0.7984375 0.3375 0.08125 0.12222222222222222
21 0.815625 0.6041666666666666 0.0765625 0.12222222222222222
21 0.7953125 0.4486111111111111 0.0890625 0.12222222222222222
21 0.86328125 0.9236111111111112 0.08125 0.125
21 0.78671875 0.8472222222222222 0.0671875 0.15
21 0.71328125 0.8347222222222223 0.0828125 0.13333333333333333
21 0.7828125 0.6972222222222222 0.0875 0.11944444444444445
21 0.740625 0.6013888888888889 0.0796875 0.14444444444444443
21 0.69296875 0.7138888888888889 0.0921875 0.12777777777777777
21 0.67890625 0.5930555555555556 0.071875 0.14166666666666666
21 0.6140625 0.6111111111111112 0.071875 0.1527777777777778
21 0.54921875 0.6361111111111111 0.0703125 0.1638888888888889
21 0.478125 0.6597222222222222 0.075 0.1388888888888889
21 0.6125 0.7430555555555556 0.0890625 0.13333333333333333
21 0.59296875 0.8416666666666667 0.0875 0.11666666666666667
21 0.68828125 0.9347222222222222 0.0671875 0.13055555555555556
21 0.6265625 0.9416666666666667 0.06875 0.11666666666666667
21 0.7453125 0.9361111111111111 0.065625 0.12777777777777777
21 0.55703125 0.9305555555555556 0.0734375 0.13333333333333333
21 0.4921875 0.875 0.0921875 0.13333333333333333
21 0.5328125 0.7666666666666667 0.0875 0.12222222222222222
21 0.453125 0.7652777777777777 0.0796875 0.14166666666666666
21 0.4078125 0.6722222222222223 0.071875 0.1388888888888889
21 0.41171875 0.8611111111111112 0.0734375 0.1527777777777778
21 0.35703125 0.9152777777777777 0.075 0.15
21 0.690625 0.07361111111111111 0.08125 0.11666666666666667
21 0.57265625 0.08194444444444444 0.06875 0.15
21 0.68828125 0.18194444444444444 0.0703125 0.1361111111111111
21 0.61796875 0.1763888888888889 0.075 0.13055555555555556
21 0.5421875 0.18611111111111112 0.084375 0.1361111111111111
21 0.509375 0.07361111111111111 0.0671875 0.14722222222222223
21 0.4453125 0.059722222222222225 0.0625 0.11944444444444445
21 0.36875 0.1125 0.0875 0.13055555555555556
21 0.28046875 0.16111111111111112 0.0828125 0.1361111111111111
21 0.40078125 0.2569444444444444 0.065625 0.16666666666666666
21 0.334375 0.21944444444444444 0.0734375 0.14166666666666666
21 0.27578125 0.3 0.0734375 0.1527777777777778
21 0.42265625 0.4097222222222222 0.0703125 0.15555555555555556
21 0.47109375 0.2875 0.0765625 0.15833333333333333
21 0.6046875 0.3347222222222222 0.071875 0.125
21 0.66171875 0.2861111111111111 0.0796875 0.15
21 0.5984375 0.4638888888888889 0.0671875 0.1527777777777778
21 0.53046875 0.5138888888888888 0.0765625 0.14166666666666666
21 0.665625 0.42777777777777776 0.0828125 0.12777777777777777
21 0.5375 0.3458333333333333 0.0703125 0.16666666666666666
21 0.48671875 0.4263888888888889 0.0703125 0.1388888888888889
21 0.4484375 0.5402777777777777 0.0890625 0.12777777777777777
21 0.375 0.5777777777777777 0.0765625 0.125
21 0.36171875 0.4652777777777778 0.065625 0.15555555555555556
21 0.3484375 0.3347222222222222 0.06875 0.125
21 0.29453125 0.41388888888888886 0.0765625 0.11666666666666667
21 0.225 0.3875 0.0859375 0.1361111111111111
21 0.2234375 0.25972222222222224 0.0640625 0.14722222222222223
21 0.24296875 0.075 0.078125 0.11666666666666667
21 0.1921875 0.1597222222222222 0.0703125 0.11944444444444445
21 0.92265625 0.6944444444444444 0.0703125 0.1388888888888889
21 0.45703125 0.16527777777777777 0.096875 0.12777777777777777
21 0.259375 0.8763888888888889 0.0921875 0.14722222222222223
21 0.18828125 0.8819444444444444 0.0796875 0.125
21 0.11328125 0.8875 0.0796875 0.12222222222222222
21 0.05 0.9444444444444444 0.0796875 0.10833333333333334
21 0.078125 0.7972222222222223 0.078125 0.12777777777777777
21 0.0359375 0.6902777777777778 0.059375 0.16111111111111112
21 0.08515625 0.6388888888888888 0.059375 0.15555555555555556
21 0.0390625 0.5472222222222223 0.078125 0.12777777777777777
21 0.1015625 0.49166666666666664 0.084375 0.125
21 0.1328125 0.3902777777777778 0.0828125 0.13333333333333333
21 0.1609375 0.2861111111111111 0.0703125 0.16666666666666666
21 0.0484375 0.3972222222222222 0.0703125 0.13333333333333333
21 0.31015625 0.5430555555555555 0.0640625 0.1527777777777778
21 0.2515625 0.5152777777777777 0.0671875 0.14444444444444443
21 0.184375 0.49027777777777776 0.078125 0.1527777777777778
21 0.13984375 0.5944444444444444 0.06875 0.1638888888888889
21 0.2625 0.6402777777777777 0.071875 0.14444444444444443
21 0.2015625 0.6541666666666667 0.0765625 0.15
21 0.13203125 0.7333333333333333 0.075 0.13333333333333333
21 0.275 0.7555555555555555 0.09375 0.12222222222222222
21 0.196875 0.7763888888888889 0.0671875 0.1388888888888889
21 0.35390625 0.7805555555555556 0.078125 0.1361111111111111
21 0.328125 0.6763888888888889 0.0796875 0.12222222222222222
21 0.1453125 0.09027777777777778 0.0671875 0.14444444444444443
21 0.11015625 0.2388888888888889 0.0640625 0.14722222222222223
21 0.05078125 0.2388888888888889 0.0640625 0.15555555555555556
21 0.07421875 0.12638888888888888 0.0765625 0.12777777777777777
