21 0.06171875 0.18194444444444444 0.0734375 0.11666666666666667
21 0.075 0.3416666666666667 0.078125 0.11666666666666667
21 0.13515625 0.18333333333333332 0.078125 0.12222222222222222
21 0.25703125 0.10138888888888889 0.0828125 0.11944444444444445
21 0.2203125 0.2638888888888889 0.08125 0.11388888888888889
21 0.115625 0.42777777777777776 0.0765625 0.11388888888888889
21 0.3015625 0.18333333333333332 0.078125 0.12777777777777777
21 0.1625 0.5083333333333333 0.0796875 0.11388888888888889
21 0.13125 0.6680555555555555 0.08125 0.12222222222222222
21 0.08515625 0.7430555555555556 0.0703125 0.1111111111111111
21 0.20859375 0.6763888888888889 0.0796875 0.11666666666666667
21 0.165625 0.7986111111111112 0.0765625 0.12777777777777777
21 0.08359375 0.8944444444444445 0.075 0.11666666666666667
21 0.32890625 0.7652777777777777 0.084375 0.12222222222222222
21 0.246875 0.8305555555555556 0.078125 0.11388888888888889
21 0.16015625 0.9013888888888889 0.084375 0.1111111111111111
21 0.33203125 0.3486111111111111 0.0875 0.125
21 0.37890625 0.10277777777777777 0.090625 0.12777777777777777
21 0.3625 0.22916666666666666 0.071875 0.16111111111111112
21 0.4859375 0.1875 0.084375 0.125
21 0.43125 0.26666666666666666 0.084375 0.125
21 0.5640625 0.19027777777777777 0.078125 0.13055555555555556
21 0.7359375 0.1763888888888889 0.0828125 0.1361111111111111
21 0.85 0.14027777777777778 0.0765625 0.125
21 0.85390625 0.29444444444444445 0.078125 0.11666666666666667
21 0.90625 0.4638888888888889 0.0640625 0.15555555555555556
21 0.9203125 0.14583333333333334 0.06875 0.12777777777777777
21 0.6546875 0.19722222222222222 0.0859375 0.11944444444444445
21 0.6109375 0.2763888888888889 0.084375 0.11944444444444445
21 0.48671875 0.3527777777777778 0.090625 0.12222222222222222
21 0.74765625 0.2847222222222222 0.084375 0.11944444444444445
21 0.45703125 0.7680555555555556 0.0828125 0.12777777777777777
21 0.61640625 0.6916666666666667 0.0859375 0.12222222222222222
21 0.6625 0.6097222222222223 0.0828125 0.125
21 0.76953125 0.44027777777777777 0.0609375 0.15555555555555556
21 0.659375 0.3625 0.0875 0.12777777777777777
21 0.7390625 0.6111111111111112 0.0796875 0.12222222222222222
21 0.52890625 0.44027777777777777 0.0796875 0.11944444444444445
21 0.51328125 0.8472222222222222 0.084375 0.11388888888888889
21 0.8140625 0.5875 0.078125 0.12222222222222222
21 0.65546875 0.8583333333333333 0.06875 0.14722222222222223
21 0.803125 0.6916666666666667 0.084375 0.11666666666666667
21 0.83046875 0.8416666666666667 0.0703125 0.11388888888888889
21 0.71953125 0.8444444444444444 0.0703125 0.12222222222222222
21 0.88203125 0.6888888888888889 0.071875 0.12222222222222222
21 0.70546875 0.45 0.0703125 0.1527777777777778
21 0.609375 0.4361111111111111 0.0875 0.13055555555555556
21 0.7828125 0.925 0.078125 0.11666666666666667
21 0.81796875 0.058333333333333334 0.08125 0.11666666666666667
21 0.6234375 0.04861111111111111 0.0828125 0.09166666666666666
21 0.52734375 0.044444444444444446 0.09375 0.08888888888888889
