21 0.04765625 0.3861111111111111 0.06875 0.1361111111111111
21 0.1546875 0.37777777777777777 0.0828125 0.11944444444444445
21 0.053125 0.5375 0.0765625 0.12222222222222222
21 0.09609375 0.7013888888888888 0.075 0.12222222222222222
21 0.05703125 0.775 0.0734375 0.1111111111111111
21 0.14453125 0.9333333333333333 0.075 0.10833333333333334
21 0.38984375 0.7208333333333333 0.08125 0.12222222222222222
21 0.20234375 0.5416666666666666 0.0734375 0.12222222222222222
21 0.253125 0.46944444444444444 0.0796875 0.12777777777777777
21 0.3453125 0.30416666666666664 0.0875 0.125
21 0.33671875 0.14027777777777778 0.0859375 0.12222222222222222
21 0.38359375 0.06527777777777778 0.090625 0.125
21 0.44375 0.2263888888888889 0.0796875 0.11944444444444445
21 0.4953125 0.3111111111111111 0.0953125 0.11944444444444445
21 0.60546875 0.07222222222222222 0.0875 0.125
21 0.8671875 0.2569444444444444 0.0609375 0.1388888888888889
21 0.6578125 0.1597222222222222 0.0828125 0.12222222222222222
21 0.8 0.24722222222222223 0.0859375 0.11666666666666667
21 0.8546875 0.41388888888888886 0.071875 0.12222222222222222
21 0.4921875 0.5597222222222222 0.090625 0.12222222222222222
21 0.621875 0.7291666666666666 0.0859375 0.125
21 0.7484375 0.7277777777777777 0.0734375 0.11944444444444445
21 0.85078125 0.5708333333333333 0.08125 0.11666666666666667
21 0.84375 0.7277777777777777 0.065625 0.125
21 0.8125 0.8111111111111111 0.075 0.11388888888888889
21 0.7078125 0.8111111111111111 0.084375 0.11666666666666667
21 0.70859375 0.24166666666666667 0.084375 0.125
21 0.784375 0.4083333333333333 0.0765625 0.11944444444444445
21 0.74140625 0.325 0.0734375 0.13055555555555556
21 0.7578125 0.8777777777777778 0.0734375 0.12222222222222222
21 0.68984375 0.95 0.075 0.09444444444444444
21 0.7875 0.95 0.0703125 0.1
21 0.6140625 0.9541666666666667 0.0828125 0.09166666666666666
21 0.21171875 0.9402777777777778 0.0671875 0.11944444444444445
