21 0.76875 0.9152777777777777 0.0765625 0.12777777777777777
21 0.95234375 0.7513888888888889 0.0671875 0.1388888888888889
21 0.91640625 0.675 0.0671875 0.15
21 0.93203125 0.525 0.0734375 0.11944444444444445
21 0.878125 0.5958333333333333 0.08125 0.11944444444444445
21 0.85703125 0.7597222222222222 0.075 0.125
21 0.815625 0.6611111111111111 0.078125 0.14166666666666666
21 0.7609375 0.7569444444444444 0.0828125 0.11944444444444445
21 0.6953125 0.8277777777777777 0.0671875 0.15555555555555556
21 0.6328125 0.9097222222222222 0.08125 0.11666666666666667
21 0.9671875 0.275 0.0609375 0.15555555555555556
21 0.93125 0.3625 0.0703125 0.1388888888888889
21 0.86640625 0.3597222222222222 0.075 0.125
21 0.9703125 0.14583333333333334 0.059375 0.13055555555555556
21 0.91875 0.0625 0.08125 0.11666666666666667
21 0.89765625 0.20833333333333334 0.075 0.12222222222222222
21 0.871875 0.11388888888888889 0.06875 0.11944444444444445
21 0.865625 0.4736111111111111 0.08125 0.125
21 0.796875 0.5013888888888889 0.0671875 0.14722222222222223
21 0.82109375 0.2638888888888889 0.0765625 0.11944444444444445
21 0.7921875 0.35 0.090625 0.11666666666666667
21 0.7484375 0.25555555555555554 0.08125 0.14166666666666666
21 0.7609375 0.6180555555555556 0.0703125 0.14722222222222223
21 0.72578125 0.4888888888888889 0.08125 0.1361111111111111
21 0.7 0.5972222222222222 0.0671875 0.1388888888888889
21 0.6390625 0.625 0.071875 0.175
21 0.51640625 0.9027777777777778 0.0953125 0.11944444444444445
21 0.56796875 0.8347222222222223 0.0890625 0.1361111111111111
21 0.63125 0.7541666666666667 0.0859375 0.12222222222222222
21 0.79765625 0.1111111111111111 0.0875 0.11388888888888889
21 0.7390625 0.06944444444444445 0.0625 0.1388888888888889
21 0.6703125 0.08611111111111111 0.078125 0.12777777777777777
21 0.60390625 0.11805555555555555 0.0671875 0.14722222222222223
21 0.5390625 0.16527777777777777 0.0765625 0.1361111111111111
21 0.68515625 0.2361111111111111 0.0703125 0.14166666666666666
21 0.621875 0.25833333333333336 0.06875 0.1527777777777778
21 0.55625 0.2833333333333333 0.071875 0.15833333333333333
21 0.48828125 0.3013888888888889 0.0796875 0.14166666666666666
21 0.4171875 0.31805555555555554 0.0734375 0.14444444444444443
21 0.496875 0.07916666666666666 0.0671875 0.13333333333333333
21 0.46015625 0.18472222222222223 0.0890625 0.12777777777777777
21 0.384375 0.22361111111111112 0.075 0.125
21 0.4328125 0.06944444444444445 0.06875 0.1388888888888889
21 0.37109375 0.10555555555555556 0.0671875 0.1388888888888889
21 0.70078125 0.35833333333333334 0.09375 0.12777777777777777
21 0.621875 0.38472222222222224 0.0875 0.13333333333333333
21 0.54296875 0.4083333333333333 0.084375 0.12222222222222222
21 0.4609375 0.4111111111111111 0.08125 0.1388888888888889
21 0.41875 0.5069444444444444 0.071875 0.15833333333333333
21 0.60234375 0.49444444444444446 0.0875 0.12777777777777777
21 0.56796875 0.5888888888888889 0.078125 0.14166666666666666
21 0.4984375 0.6388888888888888 0.078125 0.11666666666666667
21 0.50078125 0.5166666666666667 0.09375 0.1361111111111111
21 0.5609375 0.7138888888888889 0.08125 0.14722222222222223
21 0.49765625 0.7583333333333333 0.075 0.15
21 0.44453125 0.8277777777777777 0.090625 0.13333333333333333
21 0.43125 0.6569444444444444 0.078125 0.15555555555555556
21 0.38203125 0.7291666666666666 0.0796875 0.15833333333333333
21 0.3359375 0.8097222222222222 0.0890625 0.11944444444444445
21 0.303125 0.9472222222222222 0.0828125 0.10555555555555556
21 0.23828125 0.8777777777777778 0.0890625 0.11944444444444445
21 0.19765625 0.7888888888888889 0.075 0.12777777777777777
21 0.26640625 0.7375 0.0828125 0.1388888888888889
21 0.3640625 0.5680555555555555 0.075 0.15833333333333333
21 0.3125 0.6416666666666667 0.0859375 0.125
21 0.23125 0.6388888888888888 0.0875 0.13055555555555556
21 0.15390625 0.6875 0.0703125 0.17222222222222222
21 0.0875 0.7055555555555556 0.0765625 0.12777777777777777
21 0.128125 0.8638888888888889 0.0828125 0.11666666666666667
21 0.0546875 0.8486111111111111 0.065625 0.15833333333333333
21 0.05 0.6180555555555556 0.0765625 0.11944444444444445
21 0.1171875 0.55 0.0828125 0.13055555555555556
21 0.26640625 0.5263888888888889 0.090625 0.14722222222222223
21 0.1921875 0.5388888888888889 0.08125 0.12777777777777777
21 0.36171875 0.4263888888888889 0.078125 0.14444444444444443
21 0.284375 0.4027777777777778 0.090625 0.125
21 0.3359375 0.32083333333333336 0.08125 0.125
21 0.32109375 0.18888888888888888 0.065625 0.1527777777777778
21 0.30859375 0.06527777777777778 0.0765625 0.11666666666666667
21 0.2625 0.1625 0.0671875 0.13333333333333333
21 0.2109375 0.3055555555555556 0.075 0.14444444444444443
21 0.14140625 0.3861111111111111 0.0765625 0.13055555555555556
21 0.27109375 0.28055555555555556 0.075 0.1361111111111111
21 0.20546875 0.425 0.0671875 0.13333333333333333
21 0.0828125 0.45416666666666666 0.0765625 0.12777777777777777
21 0.14921875 0.25 0.06875 0.15833333333333333
21 0.19609375 0.14583333333333334 0.0734375 0.15
21 0.2375 0.05555555555555555 0.0859375 0.1111111111111111
21 0.146875 0.058333333333333334 0.08125 0.11666666666666667
21 0.115625 0.14722222222222223 0.0859375 0.12222222222222222
21 0.04140625 0.3541666666666667 0.0609375 0.15833333333333333
21 0.09296875 0.2972222222222222 0.0640625 0.1527777777777778
21 0.05078125 0.2125 0.071875 0.125
21 0.0640625 0.06805555555555555 0.0703125 0.1361111111111111
