21 0.76875 0.9361111111111111 0.075 0.11388888888888889
21 0.3015625 0.8458333333333333 0.084375 0.11944444444444445
21 0.43984375 0.8555555555555555 0.0796875 0.11944444444444445
21 0.49765625 0.7805555555555556 0.0859375 0.11944444444444445
21 0.55078125 0.7 0.0890625 0.13333333333333333
21 0.4640625 0.6166666666666667 0.0875 0.13055555555555556
21 0.51796875 0.5402777777777777 0.078125 0.14722222222222223
21 0.4921875 0.2777777777777778 0.078125 0.13055555555555556
21 0.6703125 0.9388888888888889 0.0765625 0.11666666666666667
21 0.596875 0.9319444444444445 0.08125 0.13055555555555556
21 0.81328125 0.8513888888888889 0.0765625 0.10833333333333334
21 0.865625 0.7777777777777778 0.0765625 0.11388888888888889
21 0.8875 0.6666666666666666 0.0609375 0.15
21 0.821875 0.6986111111111111 0.078125 0.12222222222222222
21 0.77578125 0.7833333333333333 0.08125 0.125
21 0.71875 0.8625 0.0828125 0.125
21 0.734375 0.7041666666666667 0.0796875 0.13055555555555556
21 0.6703125 0.7847222222222222 0.0796875 0.13055555555555556
21 0.596875 0.7847222222222222 0.0765625 0.125
21 0.63046875 0.6930555555555555 0.0796875 0.13055555555555556
21 0.68984375 0.6166666666666667 0.0875 0.13055555555555556
21 0.78125 0.5430555555555555 0.08125 0.125
21 0.85078125 0.4625 0.0765625 0.11666666666666667
21 0.89140625 0.3125 0.0703125 0.1361111111111111
21 0.9265625 0.07777777777777778 0.071875 0.12222222222222222
21 0.85390625 0.14166666666666666 0.0734375 0.13333333333333333
21 0.78125 0.1361111111111111 0.08125 0.11944444444444445
21 0.7046875 0.12916666666666668 0.078125 0.125
21 0.66484375 0.20416666666666666 0.0890625 0.12777777777777777
21 0.6203125 0.2847222222222222 0.0859375 0.12222222222222222
21 0.565625 0.3638888888888889 0.090625 0.12222222222222222
21 0.58125 0.5222222222222223 0.0671875 0.14722222222222223
21 0.74140625 0.4583333333333333 0.078125 0.12777777777777777
21 0.78046875 0.3763888888888889 0.0828125 0.125
21 0.784375 0.275 0.08125 0.11944444444444445
21 0.6484375 0.5375 0.08125 0.13055555555555556
21 0.64375 0.05138888888888889 0.08125 0.10277777777777777
21 0.58125 0.11666666666666667 0.08125 0.11944444444444445
21 0.53515625 0.04722222222222222 0.084375 0.09444444444444444
