21 0.41875 0.21944444444444444 0.0828125 0.125
21 0.63203125 0.30694444444444446 0.078125 0.13333333333333333
21 0.80390625 0.08611111111111111 0.078125 0.11388888888888889
21 0.8296875 0.32222222222222224 0.071875 0.11666666666666667
21 0.790625 0.4 0.0765625 0.11944444444444445
21 0.721875 0.4041666666666667 0.06875 0.14444444444444443
21 0.8375 0.4888888888888889 0.0765625 0.11388888888888889
21 0.43515625 0.4722222222222222 0.0828125 0.11388888888888889
21 0.43203125 0.6388888888888888 0.078125 0.125
21 0.1375 0.7777777777777778 0.0734375 0.11388888888888889
21 0.22265625 0.8597222222222223 0.0671875 0.12222222222222222
21 0.17109375 0.9263888888888889 0.065625 0.12222222222222222
21 0.33515625 0.7944444444444444 0.0859375 0.12777777777777777
21 0.4875 0.7208333333333333 0.0859375 0.125
21 0.63046875 0.7263888888888889 0.08125 0.11944444444444445
21 0.74375 0.8027777777777778 0.0890625 0.11666666666666667
21 0.525 0.95 0.08125 0.1
21 0.81875 0.8791666666666667 0.0703125 0.1111111111111111
