21 0.07109375 0.18194444444444444 0.0796875 0.11388888888888889
21 0.2328125 0.25833333333333336 0.078125 0.12222222222222222
21 0.8609375 0.8361111111111111 0.075 0.1111111111111111
21 0.8015625 0.9138888888888889 0.071875 0.1361111111111111
21 0.86796875 0.6847222222222222 0.0765625 0.11944444444444445
21 0.89296875 0.5291666666666667 0.075 0.11944444444444445
21 0.8625 0.28888888888888886 0.0765625 0.13055555555555556
21 0.8109375 0.3611111111111111 0.0953125 0.12222222222222222
21 0.76328125 0.2791666666666667 0.0828125 0.11388888888888889
21 0.90703125 0.07083333333333333 0.065625 0.13333333333333333
21 0.85703125 0.13333333333333333 0.0828125 0.12777777777777777
21 0.78203125 0.12083333333333333 0.078125 0.11944444444444445
21 0.72109375 0.19444444444444445 0.0796875 0.125
21 0.6421875 0.1875 0.084375 0.12777777777777777
21 0.803125 0.7625 0.0796875 0.11388888888888889
21 0.75703125 0.8388888888888889 0.078125 0.10833333333333334
21 0.70859375 0.9152777777777777 0.0796875 0.11944444444444445
21 0.81875 0.6055555555555555 0.0796875 0.12222222222222222
21 0.775 0.5263888888888889 0.0765625 0.12222222222222222
21 0.725 0.6013888888888889 0.078125 0.12777777777777777
21 0.728125 0.44305555555555554 0.0828125 0.12777777777777777
21 0.6765625 0.5236111111111111 0.0828125 0.12222222222222222
21 0.65078125 0.33055555555555555 0.075 0.125
21 0.62890625 0.43472222222222223 0.084375 0.12777777777777777
21 0.5765625 0.5194444444444445 0.0828125 0.13055555555555556
21 0.65703125 0.6819444444444445 0.08125 0.11944444444444445
21 0.56328125 0.6791666666666667 0.0859375 0.125
21 0.51953125 0.26805555555555555 0.0890625 0.12222222222222222
21 0.46640625 0.3402777777777778 0.090625 0.12777777777777777
21 0.57578125 0.3486111111111111 0.0859375 0.12222222222222222
21 0.4515625 0.1 0.0859375 0.125
21 0.70625 0.05138888888888889 0.078125 0.10277777777777777
21 0.628125 0.04583333333333333 0.078125 0.09166666666666666
21 0.52578125 0.42777777777777776 0.08125 0.12777777777777777
21 0.5078125 0.6 0.0828125 0.13055555555555556
21 0.42890625 0.5986111111111111 0.0859375 0.12222222222222222
21 0.415625 0.2638888888888889 0.084375 0.125
21 0.7046875 0.7666666666666667 0.084375 0.12777777777777777
21 0.6140625 0.7680555555555556 0.0796875 0.125
