21 0.8666666666666667 0.5355555555555556 0.13777777777777778 0.1288888888888889
21 0.72 0.5333333333333333 0.13777777777777778 0.13777777777777778
21 0.5755555555555556 0.5466666666666666 0.1288888888888889 0.12444444444444444
21 0.5844444444444444 0.6911111111111111 0.13777777777777778 0.16
21 0.7333333333333333 0.6911111111111111 0.13777777777777778 0.15555555555555556
21 0.88 0.6888888888888889 0.12444444444444444 0.16444444444444445
21 0.1288888888888889 0.6955555555555556 0.1511111111111111 0.1288888888888889
21 0.12444444444444444 0.5466666666666666 0.1511111111111111 0.13333333333333333
21 0.2777777777777778 0.5466666666666666 0.1288888888888889 0.12
21 0.4288888888888889 0.5488888888888889 0.1511111111111111 0.1511111111111111
21 0.27555555555555555 0.6977777777777778 0.1288888888888889 0.14222222222222222
21 0.4177777777777778 0.6977777777777778 0.15555555555555556 0.15555555555555556
