21 0.5283333333333333 0.8333333333333334 0.11666666666666667 0.19047619047619047
21 0.42333333333333334 0.8660714285714286 0.11666666666666667 0.20238095238095238
21 0.25666666666666665 0.8720238095238095 0.18666666666666668 0.17261904761904762
21 0.23 0.7767857142857143 0.14 0.16071428571428573
21 0.15666666666666668 0.7708333333333334 0.13666666666666666 0.17261904761904762
21 0.08166666666666667 0.7410714285714286 0.14 0.18452380952380953
21 0.22666666666666666 0.6488095238095238 0.11333333333333333 0.09523809523809523
21 0.37833333333333335 0.7351190476190477 0.13 0.1130952380952381
21 0.5033333333333333 0.6904761904761905 0.10666666666666667 0.1488095238095238
21 0.375 0.6160714285714286 0.07666666666666666 0.08333333333333333
21 0.38 0.5505952380952381 0.07 0.09523809523809523
21 0.23333333333333334 0.5535714285714286 0.07333333333333333 0.05357142857142857
