21 0.1390625 0.1375 0.0765625 0.11944444444444445
21 0.234375 0.2152777777777778 0.0859375 0.13333333333333333
21 0.39296875 0.2986111111111111 0.08125 0.125
21 0.896875 0.7972222222222223 0.065625 0.12222222222222222
21 0.83828125 0.8347222222222223 0.0640625 0.1527777777777778
21 0.7703125 0.7944444444444444 0.08125 0.13055555555555556
21 0.82890625 0.7208333333333333 0.0765625 0.12777777777777777
21 0.90703125 0.4166666666666667 0.0640625 0.15833333333333333
21 0.85390625 0.4847222222222222 0.0796875 0.11944444444444445
21 0.84140625 0.3125 0.065625 0.13333333333333333
21 0.81015625 0.4013888888888889 0.0796875 0.10555555555555556
21 0.77265625 0.48055555555555557 0.075 0.1111111111111111
21 0.7734375 0.3138888888888889 0.078125 0.11944444444444445
21 0.8125 0.0875 0.075 0.12222222222222222
21 0.759375 0.15416666666666667 0.08125 0.11944444444444445
21 0.71953125 0.2361111111111111 0.084375 0.125
21 0.6390625 0.22777777777777777 0.08125 0.125
21 0.59765625 0.1388888888888889 0.084375 0.125
21 0.8296875 0.9444444444444444 0.075 0.1111111111111111
21 0.75703125 0.9486111111111111 0.0796875 0.10277777777777777
21 0.6796875 0.9486111111111111 0.08125 0.10277777777777777
21 0.72421875 0.7194444444444444 0.0859375 0.125
21 0.78359375 0.6402777777777777 0.0796875 0.11666666666666667
21 0.73046875 0.5597222222222222 0.084375 0.12222222222222222
21 0.68046875 0.4736111111111111 0.090625 0.13333333333333333
21 0.628125 0.3888888888888889 0.0890625 0.12222222222222222
21 0.584375 0.30416666666666664 0.08125 0.11944444444444445
21 0.50078125 0.3013888888888889 0.0890625 0.13333333333333333
21 0.49609375 0.058333333333333334 0.0859375 0.11666666666666667
21 0.66796875 0.6458333333333334 0.071875 0.15
21 0.68359375 0.8041666666666667 0.08125 0.12222222222222222
21 0.603125 0.8027777777777778 0.0859375 0.12222222222222222
21 0.5921875 0.6416666666666667 0.084375 0.13333333333333333
21 0.54765625 0.7180555555555556 0.0859375 0.12222222222222222
21 0.5796875 0.47638888888888886 0.0828125 0.12222222222222222
21 0.48671875 0.5555555555555556 0.084375 0.11388888888888889
21 0.43046875 0.46944444444444444 0.0875 0.13333333333333333
21 0.3875 0.5527777777777778 0.090625 0.12777777777777777
21 0.30703125 0.7111111111111111 0.0828125 0.12777777777777777
21 0.38359375 0.875 0.0859375 0.11388888888888889
21 0.3875 0.7152777777777778 0.0875 0.12777777777777777
21 0.4828125 0.7972222222222223 0.090625 0.11666666666666667
21 0.43125 0.9472222222222222 0.084375 0.10555555555555556
