21 0.8577777777777778 0.5711111111111111 0.13333333333333333 0.14666666666666667
21 0.3622222222222222 0.64 0.19111111111111112 0.14222222222222222
21 0.31777777777777777 0.7755555555555556 0.1511111111111111 0.16444444444444445
21 0.47555555555555556 0.7644444444444445 0.1511111111111111 0.19111111111111112
21 0.6022222222222222 0.7022222222222222 0.11555555555555555 0.19555555555555557
21 0.1111111111111111 0.6288888888888889 0.13777777777777778 0.1288888888888889
21 0.20444444444444446 0.6977777777777778 0.12444444444444444 0.18666666666666668
21 0.2866666666666667 0.3933333333333333 0.16 0.13777777777777778
21 0.09333333333333334 0.42 0.13777777777777778 0.08
21 0.10444444444444445 0.5177777777777778 0.1511111111111111 0.10666666666666667
21 0.4577777777777778 0.4911111111111111 0.1111111111111111 0.13333333333333333
21 0.5911111111111111 0.5355555555555556 0.13333333333333333 0.13777777777777778
21 0.52 0.3488888888888889 0.16 0.11555555555555555
21 0.4111111111111111 0.18 0.1511111111111111 0.08888888888888889
21 0.3 0.2866666666666667 0.09333333333333334 0.06666666666666667
21 0.6466666666666666 0.2577777777777778 0.12 0.1288888888888889
21 0.72 0.3511111111111111 0.13777777777777778 0.1111111111111111
21 0.6666666666666666 0.43555555555555553 0.13777777777777778 0.12
21 0.8177777777777778 0.44666666666666666 0.13777777777777778 0.1111111111111111
21 0.7288888888888889 0.5444444444444444 0.1288888888888889 0.09777777777777778
21 0.7288888888888889 0.6577777777777778 0.15555555555555556 0.1511111111111111
21 0.8422222222222222 0.35333333333333333 0.09777777777777778 0.1288888888888889
21 0.18888888888888888 0.2688888888888889 0.1111111111111111 0.07555555555555556
