21 0.3223938223938224 0.36855670103092786 0.10424710424710425 0.13917525773195877
21 0.527027027027027 0.8170103092783505 0.09266409266409266 0.17010309278350516
21 0.4517374517374517 0.7164948453608248 0.10038610038610038 0.13402061855670103
21 0.4498069498069498 0.6108247422680413 0.0694980694980695 0.10309278350515463
21 0.5386100386100386 0.654639175257732 0.07722007722007722 0.1134020618556701
21 0.5521235521235521 0.538659793814433 0.09266409266409266 0.08762886597938144
21 0.6235521235521235 0.6005154639175257 0.06177606177606178 0.10824742268041238
21 0.6081081081081081 0.711340206185567 0.08108108108108109 0.1134020618556701
21 0.6351351351351351 0.8195876288659794 0.09266409266409266 0.1958762886597938
21 0.7007722007722008 0.6520618556701031 0.11969111969111969 0.13402061855670103
21 0.7355212355212355 0.7448453608247423 0.1274131274131274 0.17525773195876287
