21 0.6036363636363636 0.42349726775956287 0.19636363636363635 0.2459016393442623
21 0.49818181818181817 0.28415300546448086 0.17454545454545456 0.22950819672131148
21 0.5927272727272728 0.14207650273224043 0.17454545454545456 0.21311475409836064
21 0.7236363636363636 0.6065573770491803 0.1781818181818182 0.3114754098360656
21 0.3690909090909091 0.6939890710382514 0.2 0.2786885245901639
21 0.3181818181818182 0.44808743169398907 0.16363636363636364 0.28415300546448086
21 0.39636363636363636 0.25956284153005466 0.1781818181818182 0.273224043715847
21 0.54 0.6693989071038251 0.18181818181818182 0.28415300546448086
21 0.8690909090909091 0.44808743169398907 0.1890909090909091 0.28415300546448086
21 0.8327272727272728 0.6967213114754098 0.15636363636363637 0.24043715846994534
21 0.6436363636363637 0.8415300546448088 0.20363636363636364 0.17486338797814208
