21 0.33916666666666667 0.4888888888888889 0.16833333333333333 0.3377777777777778
21 0.3525 0.2785185185185185 0.175 0.24888888888888888
21 0.5175 0.14666666666666667 0.165 0.24
21 0.7341666666666666 0.16592592592592592 0.15833333333333333 0.28444444444444444
21 0.6975 0.6340740740740741 0.14833333333333334 0.2785185185185185
21 0.4816666666666667 0.49925925925925924 0.16 0.3466666666666667
21 0.6008333333333333 0.4474074074074074 0.145 0.3377777777777778
21 0.7558333333333334 0.4222222222222222 0.16166666666666665 0.2696296296296296
21 0.43333333333333335 0.725925925925926 0.15666666666666668 0.2548148148148148
21 0.5825 0.7348148148148148 0.12833333333333333 0.2962962962962963
