32 0.295625 0.0873215785054576 0.3175 0.08984047019311503 0.34375 0.10075566750629723 0.365625 0.11418975650713686 0.381875 0.1351805205709488 0.39125 0.16204869857262805 0.39625 0.19395465994962216 0.39375 0.23005877413937867 0.396875 0.25356842989084805 0.396875 0.29219143576826195 0.386875 0.34424853064651556 0.37875 0.3677581863979849 0.36875 0.380352644836272 0.354375 0.37699412258606213 0.31875 0.34844668345927793 0.291875 0.33837111670864817 0.2625 0.34005037783375314 0.248125 0.3459277917716205 0.22875 0.3610411418975651 0.219375 0.3610411418975651 0.210625 0.34844668345927793 0.2025 0.3425692695214106 0.194375 0.32913518052057095 0.193125 0.28127623845507976 0.213125 0.22670025188916876 0.233125 0.19311502938706968 0.240625 0.16540722082283796 0.264375 0.11335012594458438 0.276875 0.09655751469353484
32 0.493125 0.055415617128463476 0.524375 0.05961376994122586 0.546875 0.07304785894206549 0.571875 0.10327455919395466 0.584375 0.12594458438287154 0.5925 0.15113350125944586 0.600625 0.19899244332493704 0.603125 0.2518891687657431 0.60125 0.3064651553316541 0.586875 0.3501259445843829 0.573125 0.36859781696053734 0.560625 0.37531486146095716 0.54375 0.37363560033585225 0.52375 0.3492863140218304 0.489375 0.3249370277078086 0.454375 0.3123425692695214 0.418125 0.3131821998320739 0.415625 0.30730478589420657 0.413125 0.2661628883291352 0.41875 0.25356842989084805 0.425 0.22502099076406382 0.431875 0.21158690176322417 0.443125 0.20906801007556675 0.450625 0.1998320738874895 0.45 0.19143576826196473 0.44125 0.16792611251049538 0.440625 0.1418975650713686 0.44875 0.12090680100755667 0.4525 0.10075566750629723 0.4675 0.07052896725440806 0.47875 0.060453400503778336
32 0.683125 0.01343408900083963 0.705 0.015113350125944584 0.735625 0.03526448362720403 0.758125 0.038623005877413935 0.770625 0.05037783375314862 0.7975 0.10495382031905962 0.8125 0.16540722082283796 0.81625 0.18807724601175482 0.815625 0.21242653232577666 0.81 0.24685138539042822 0.7975 0.28967254408060455 0.775 0.30730478589420657 0.76375 0.31905961376994124 0.75875 0.32913518052057095 0.746875 0.33837111670864817 0.7325 0.3341729638958858 0.72875 0.327455919395466 0.729375 0.3165407220822838 0.72625 0.3148614609571788 0.719375 0.3148614609571788 0.714375 0.3224181360201511 0.70875 0.3240973971452561 0.65875 0.2980688497061293 0.61875 0.30058774139378674 0.615 0.2972292191435768 0.608125 0.2795969773299748 0.60625 0.25440806045340053 0.608125 0.22418136020151133 0.635625 0.1418975650713686 0.644375 0.09151973131821999 0.65125 0.0764063811922754 0.65625 0.04953820319059614 0.666875 0.02518891687657431
32 0.26375 0.6691855583543241 0.27875 0.670864819479429 0.294375 0.6775818639798489 0.318125 0.6960537363560033 0.3375 0.7195633921074727 0.358125 0.7548278757346767 0.374375 0.799328295549958 0.38375 0.834592779177162 0.385 0.906801007556675 0.381875 0.9143576826196473 0.370625 0.9177162048698573 0.1975 0.9227539882451721 0.188125 0.9210747271200672 0.1775 0.9118387909319899 0.176875 0.890848026868178 0.18 0.8581024349286314 0.188125 0.8320738874895046 0.2 0.8094038623005877 0.203125 0.781696053736356 0.224375 0.7010915197313182 0.24 0.6792611251049538
32 0.476875 0.7061293031066331 0.4925 0.7086481947942905 0.513125 0.7195633921074727 0.53375 0.743073047858942 0.546875 0.7682619647355163 0.555 0.7926112510495382 0.566875 0.8589420654911839 0.565625 0.9076406381192276 0.560625 0.9168765743073047 0.4275 0.9235936188077246 0.386875 0.9109991603694374 0.38625 0.8967254408060453 0.393125 0.8614609571788413 0.4125 0.8127623845507976 0.4175 0.7858942065491183 0.42375 0.7716204869857263 0.430625 0.7439126784214946 0.444375 0.7187237615449202 0.46 0.709487825356843
32 0.1375 0.5121746431570109 0.15625 0.5138539042821159 0.176875 0.5222502099076406 0.220625 0.5600335852225021 0.23375 0.5768261964735516 0.254375 0.6154492023509656 0.264375 0.653232577665827 0.2625 0.6700251889168766 0.24 0.6809403862300588 0.225625 0.6994122586062133 0.214375 0.7237615449202351 0.190625 0.7934508816120907 0.1775 0.8102434928631402 0.160625 0.7959697732997482 0.14 0.7875734676742233 0.10375 0.7565071368597817 0.08375 0.7472712006717045 0.07625 0.7329974811083123 0.0725 0.709487825356843 0.07125 0.6465155331654072 0.086875 0.5549958018471872 0.099375 0.5314861460957179 0.11 0.5214105793450882
32 0.533125 0.5146935348446684 0.560625 0.5172124265323258 0.578125 0.5289672544080605 0.596875 0.5474391267842149 0.615625 0.5701091519731318 0.629375 0.5919395465994962 0.654375 0.6431570109151973 0.65875 0.6574307304785895 0.659375 0.7220822837951302 0.656875 0.72544080604534 0.648125 0.727120067170445 0.620625 0.7262804366078925 0.600625 0.7380352644836272 0.589375 0.7539882451721243 0.581875 0.7724601175482787 0.576875 0.8060453400503779 0.571875 0.8219983207388749 0.569375 0.8228379513014273 0.55625 0.7968094038623006 0.548125 0.7707808564231738 0.53375 0.7439126784214946 0.521875 0.7287993282955499 0.494375 0.707808564231738 0.491875 0.6960537363560033 0.490625 0.6414777497900923 0.486875 0.6112510495382032 0.48875 0.5801847187237615 0.503125 0.5382031905961377 0.516875 0.5222502099076406
32 0.43875 0.3157010915197313 0.454375 0.31738035264483627 0.506875 0.3408900083963056 0.52375 0.3534844668345928 0.546875 0.3778337531486146 0.571875 0.434928631402183 0.57875 0.47103274559193953 0.579375 0.5054575986565911 0.574375 0.5197313182199832 0.568125 0.5214105793450882 0.538125 0.5163727959697733 0.511875 0.5264483627204031 0.49 0.5566750629722922 0.481875 0.5969773299748111 0.478125 0.6053736356003359 0.471875 0.6095717884130982 0.468125 0.6087321578505458 0.4625 0.5961376994122586 0.435 0.5600335852225021 0.405 0.5373635600335852 0.3925 0.5323257766582704 0.39125 0.5289672544080605 0.395625 0.4794290512174643 0.393125 0.3526448362720403 0.399375 0.3417296389588581 0.41625 0.3266162888329135 0.43 0.31738035264483627
32 0.11875 0.2972292191435768 0.145625 0.30058774139378674 0.16875 0.3148614609571788 0.19125 0.33669185558354325 0.218125 0.3795130142737196 0.22 0.40470193115029385 0.214375 0.4517212426532326 0.214375 0.489504617968094 0.2225 0.5407220822837951 0.220625 0.5491183879093199 0.2125 0.5491183879093199 0.184375 0.5272879932829555 0.16625 0.5172124265323258 0.14 0.5146935348446684 0.125 0.5180520570948782 0.11 0.5272879932829555 0.09625 0.5482787573467675 0.088125 0.5717884130982368 0.07625 0.5717884130982368 0.070625 0.5617128463476071 0.065 0.5390428211586902 0.0625 0.5029387069689337 0.0625 0.4634760705289673 0.069375 0.3534844668345928 0.07625 0.32997481108312343 0.085625 0.3140218303946264 0.1 0.3022670025188917
32 0.0375 0.12090680100755667 0.07 0.12426532325776658 0.100625 0.1376994122586062 0.13125 0.16624685138539042 0.15375 0.20235096557514692 0.168125 0.23341729638958858 0.175625 0.2594458438287154 0.18625 0.2804366078925273 0.19 0.2989084802686818 0.18875 0.32577665827036106 0.14 0.30142737195633923 0.11375 0.2989084802686818 0.103125 0.3022670025188917 0.083125 0.3224181360201511 0.073125 0.34424853064651556 0.066875 0.3677581863979849 0.063125 0.3988245172124265 0.05 0.38706968933669184 0.0375 0.35684298908480266 0.0325 0.33249370277078083 0.0325 0.3047858942065491 0.04 0.2863140218303946 0.04125 0.2753988245172124 0.034375 0.24685138539042822 0.031875 0.21494542401343408 0.02625 0.20067170445004198 0.006875 0.17716204869857263 0 0.16288832913518053 0 0.13182199832073888
32 0.8075 0.2963895885810244 0.825625 0.2980688497061293 0.846875 0.3056255247691016 0.875625 0.3266162888329135 0.898125 0.3509655751469353 0.913125 0.37279596977329976 0.930625 0.4063811922753988 0.949375 0.4643157010915197 0.953125 0.491183879093199 0.95375 0.5096557514693535 0.950625 0.5180520570948782 0.905 0.5004198152812762 0.885625 0.5020990764063812 0.8625 0.5146935348446684 0.851875 0.5289672544080605 0.84 0.5566750629722922 0.8375 0.5994962216624685 0.835 0.6087321578505458 0.82125 0.5978169605373636 0.813125 0.5801847187237615 0.794375 0.5516372795969773 0.77125 0.5323257766582704 0.758125 0.5172124265323258 0.758125 0.47439126784214947 0.75 0.417296389588581 0.754375 0.35432409739714527 0.7575 0.3434089000839631 0.7725 0.3157010915197313 0.786875 0.30310663308144414
32 0.730625 0.5155331654072208 0.753125 0.5180520570948782 0.775 0.5306465155331654 0.79125 0.5440806045340051 0.814375 0.5776658270361041 0.826875 0.6028547439126785 0.8325 0.6230058774139379 0.83875 0.6540722082283795 0.8425 0.6960537363560033 0.84125 0.7237615449202351 0.835625 0.7296389588581025 0.81 0.7321578505457599 0.794375 0.743073047858942 0.778125 0.7741393786733837 0.76 0.8211586901763224 0.74375 0.8303946263643996 0.731875 0.8287153652392947 0.718125 0.8085642317380353 0.700625 0.7724601175482787 0.67625 0.7405541561712846 0.666875 0.7329974811083123 0.663125 0.7103274559193955 0.668125 0.6691855583543241 0.67375 0.6473551637279596 0.673125 0.617968094038623 0.685625 0.5583543240973972 0.6925 0.5407220822837951 0.699375 0.5314861460957179 0.719375 0.5180520570948782
32 0.64625 0.30058774139378674 0.658125 0.3022670025188917 0.68375 0.3165407220822838 0.688125 0.3232577665827036 0.70875 0.33921074727120065 0.71625 0.3518052057094878 0.721875 0.35600335852225024 0.738125 0.3895885810243493 0.75375 0.45591939546599497 0.756875 0.4794290512174643 0.756875 0.5062972292191436 0.7525 0.5146935348446684 0.7225 0.5188916876574308 0.70875 0.5247691015952981 0.68875 0.5457598656591099 0.680625 0.5642317380352645 0.671875 0.6011754827875735 0.65625 0.6246851385390428 0.64625 0.6246851385390428 0.64125 0.6078925272879933 0.63125 0.5961376994122586 0.626875 0.5793450881612091 0.620625 0.5717884130982368 0.61625 0.5583543240973972 0.604375 0.5449202350965575 0.6 0.5180520570948782 0.593125 0.5062972292191436 0.590625 0.49370277078085645 0.59125 0.46851385390428213 0.604375 0.4324097397145256 0.6025 0.41981528127623846 0.595625 0.40302267002518893 0.60625 0.32997481108312343 0.6325 0.30310663308144414
32 0.88 0.09571788413098237 0.914375 0.09991603694374475 0.949375 0.12510495382031905 0.961875 0.1418975650713686 0.971875 0.16288832913518053 0.9875 0.2141057934508816 0.994375 0.2594458438287154 0.993125 0.290512174643157 0.983125 0.31821998320738876 0.965 0.3895885810243493 0.953125 0.4164567590260285 0.95 0.4324097397145256 0.936875 0.42149454240134343 0.928125 0.39378673383711166 0.915 0.3702770780856423 0.89125 0.33921074727120065 0.875625 0.3240973971452561 0.845 0.30394626364399663 0.839375 0.2972292191435768 0.824375 0.290512174643157 0.82625 0.28547439126784213 0.835625 0.2779177162048699 0.8325 0.26700251889168763 0.8325 0.22837951301427373 0.826875 0.20654911838790932 0.835625 0.14021830394626364 0.85125 0.11083123425692695 0.8675 0.09907640638119228
32 0.364375 0.5298068849706129 0.3825 0.5306465155331654 0.404375 0.5390428211586902 0.429375 0.5558354324097398 0.44625 0.5734676742233418 0.458125 0.5902602854743912 0.481875 0.6423173803526449 0.49 0.6935348446683459 0.48875 0.7019311502938707 0.484375 0.7061293031066331 0.454375 0.7120067170445005 0.435 0.72544080604534 0.429375 0.7397145256087322 0.4225 0.7489504617968094 0.404375 0.8077246011754828 0.39125 0.8270361041141897 0.380625 0.8219983207388749 0.378125 0.81696053736356 0.373125 0.7934508816120907 0.346875 0.7321578505457599 0.324375 0.7019311502938707 0.305625 0.6842989084802686 0.309375 0.6053736356003359 0.31625 0.5717884130982368 0.324375 0.5549958018471872 0.335 0.5424013434089001
