21 0.0875 0.21805555555555556 0.071875 0.11944444444444445
21 0.1921875 0.21805555555555556 0.078125 0.125
21 0.27734375 0.0625 0.0734375 0.12222222222222222
21 0.4125 0.058333333333333334 0.0828125 0.11666666666666667
21 0.8375 0.9486111111111111 0.071875 0.10277777777777777
21 0.7203125 0.9486111111111111 0.08125 0.10277777777777777
21 0.78046875 0.8763888888888889 0.0796875 0.11388888888888889
21 0.85703125 0.7986111111111112 0.0765625 0.11944444444444445
21 0.80625 0.7277777777777777 0.0796875 0.12222222222222222
21 0.84453125 0.6472222222222223 0.075 0.11944444444444445
21 0.83359375 0.4888888888888889 0.0796875 0.125
21 0.77578125 0.5569444444444445 0.0734375 0.125
21 0.84140625 0.3263888888888889 0.0828125 0.12777777777777777
21 0.7953125 0.4013888888888889 0.078125 0.12222222222222222
21 0.85078125 0.17222222222222222 0.0734375 0.11388888888888889
21 0.7921875 0.24166666666666667 0.0765625 0.11388888888888889
21 0.7984375 0.08333333333333333 0.0734375 0.11388888888888889
21 0.74375 0.15833333333333333 0.0875 0.12222222222222222
21 0.696875 0.07361111111111111 0.0828125 0.11666666666666667
21 0.61875 0.06527777777777778 0.0796875 0.11666666666666667
21 0.54140625 0.059722222222222225 0.084375 0.10833333333333334
21 0.4953125 0.14027777777777778 0.0875 0.125
21 0.71796875 0.4013888888888889 0.084375 0.125
21 0.6796875 0.31527777777777777 0.078125 0.12777777777777777
21 0.6 0.30833333333333335 0.0859375 0.12777777777777777
21 0.57421875 0.15 0.0765625 0.11944444444444445
21 0.603125 0.4777777777777778 0.0859375 0.12777777777777777
21 0.5546875 0.39166666666666666 0.0859375 0.125
21 0.45390625 0.38472222222222224 0.090625 0.11944444444444445
21 0.39765625 0.46944444444444444 0.0796875 0.125
21 0.3421875 0.38333333333333336 0.0875 0.11944444444444445
21 0.49921875 0.5486111111111112 0.0875 0.12777777777777777
21 0.7328125 0.8055555555555556 0.078125 0.11944444444444445
21 0.6734375 0.8805555555555555 0.084375 0.125
21 0.5921875 0.8819444444444444 0.08125 0.10833333333333334
21 0.53828125 0.8027777777777778 0.071875 0.15
21 0.53125 0.9472222222222222 0.0828125 0.10555555555555556
21 0.440625 0.8805555555555555 0.0796875 0.11666666666666667
21 0.4296875 0.7222222222222222 0.08125 0.12222222222222222
21 0.378125 0.7958333333333333 0.0796875 0.1111111111111111
21 0.3171875 0.6333333333333333 0.0828125 0.125
21 0.2234375 0.7833333333333333 0.078125 0.11944444444444445
21 0.28125 0.5361111111111111 0.075 0.1388888888888889
21 0.640625 0.7291666666666666 0.0859375 0.125
21 0.68046875 0.6388888888888888 0.0765625 0.12222222222222222
