21 0.090625 0.3013888888888889 0.078125 0.11388888888888889
21 0.68046875 0.31666666666666665 0.0796875 0.1361111111111111
21 0.42890625 0.47638888888888886 0.084375 0.11944444444444445
21 0.37890625 0.7222222222222222 0.0875 0.12777777777777777
21 0.0546875 0.7763888888888889 0.0734375 0.12222222222222222
21 0.48046875 0.7263888888888889 0.084375 0.11666666666666667
21 0.55390625 0.3875 0.0765625 0.1388888888888889
21 0.59375 0.15138888888888888 0.084375 0.125
21 0.81796875 0.09305555555555556 0.08125 0.12222222222222222
21 0.90390625 0.3402777777777778 0.065625 0.1361111111111111
21 0.903125 0.6486111111111111 0.06875 0.1361111111111111
21 0.2796875 0.04722222222222222 0.084375 0.09444444444444444
21 0.39921875 0.14583333333333334 0.0859375 0.11944444444444445
21 0.28359375 0.14166666666666666 0.0890625 0.12777777777777777
21 0.35234375 0.0625 0.0828125 0.12222222222222222
21 0.45390625 0.06388888888888888 0.0828125 0.11944444444444445
21 0.64296875 0.075 0.0875 0.13055555555555556
21 0.52109375 0.10972222222222222 0.0765625 0.1388888888888889
21 0.71875 0.08472222222222223 0.075 0.14722222222222223
21 0.52890625 0.22777777777777777 0.0859375 0.11666666666666667
21 0.484375 0.30972222222222223 0.0828125 0.12777777777777777
21 0.85390625 0.18472222222222223 0.06875 0.12222222222222222
21 0.75703125 0.16666666666666666 0.078125 0.11666666666666667
21 0.60625 0.3194444444444444 0.08125 0.13333333333333333
21 0.79609375 0.2513888888888889 0.078125 0.11944444444444445
21 0.73359375 0.40694444444444444 0.0734375 0.11944444444444445
21 0.83359375 0.3333333333333333 0.0796875 0.12222222222222222
21 0.90234375 0.4986111111111111 0.0796875 0.11666666666666667
21 0.825 0.4930555555555556 0.078125 0.11388888888888889
21 0.68828125 0.49583333333333335 0.0671875 0.1527777777777778
21 0.61328125 0.48333333333333334 0.0796875 0.12222222222222222
21 0.5109375 0.48333333333333334 0.0859375 0.13333333333333333
21 0.77734375 0.5708333333333333 0.08125 0.12222222222222222
21 0.571875 0.5652777777777778 0.0875 0.125
21 0.71953125 0.6472222222222223 0.078125 0.125
21 0.63125 0.6486111111111111 0.0875 0.11944444444444445
21 0.5890625 0.7319444444444444 0.084375 0.11666666666666667
21 0.4375 0.8069444444444445 0.084375 0.125
21 0.5359375 0.8097222222222222 0.084375 0.12777777777777777
21 0.6828125 0.7333333333333333 0.0796875 0.11944444444444445
21 0.82109375 0.6527777777777778 0.071875 0.12222222222222222
21 0.9109375 0.8819444444444444 0.059375 0.12777777777777777
21 0.81953125 0.8083333333333333 0.0765625 0.1111111111111111
21 0.76640625 0.7333333333333333 0.08125 0.11944444444444445
21 0.66015625 0.8916666666666667 0.0828125 0.12222222222222222
21 0.50703125 0.9541666666666667 0.084375 0.09166666666666666
21 0.76953125 0.8902777777777777 0.0765625 0.11666666666666667
21 0.721875 0.9541666666666667 0.0796875 0.09166666666666666
21 0.81953125 0.9458333333333333 0.0609375 0.10833333333333334
