21 0.41466346153846156 0.3173076923076923 0.25240384615384615 0.1658653846153846
21 0.6622596153846154 0.3449519230769231 0.18990384615384615 0.15865384615384615
21 0.9002403846153846 0.37259615384615385 0.19471153846153846 0.16826923076923078
21 0.3581730769230769 0.4495192307692308 0.21153846153846154 0.15625
21 0.6021634615384616 0.49038461538461536 0.21153846153846154 0.15144230769230768
21 0.8605769230769231 0.5360576923076923 0.21634615384615385 0.14903846153846154
21 0.2692307692307692 0.6153846153846154 0.24519230769230768 0.20432692307692307
21 0.53125 0.6550480769230769 0.2548076923076923 0.22115384615384615
21 0.8016826923076923 0.7115384615384616 0.23317307692307693 0.22115384615384615
21 0.9663461538461539 0.7403846153846154 0.0673076923076923 0.18990384615384615
