21 0.2509090909090909 0.4972677595628415 0.21818181818181817 0.3114754098360656
21 0.14181818181818182 0.2568306010928962 0.21818181818181817 0.2786885245901639
21 0.33454545454545453 0.12021857923497267 0.2109090909090909 0.24043715846994534
21 0.45454545454545453 0.33879781420765026 0.22181818181818183 0.3224043715846995
21 0.07454545454545454 0.7049180327868853 0.14545454545454545 0.33879781420765026
21 0.35818181818181816 0.7786885245901639 0.23272727272727273 0.37158469945355194
21 0.58 0.6010928961748634 0.23272727272727273 0.39344262295081966
21 0.64 0.17486338797814208 0.2109090909090909 0.28415300546448086
21 0.7745454545454545 0.40437158469945356 0.20727272727272728 0.32786885245901637
21 0.9218181818181819 0.22131147540983606 0.15636363636363637 0.32786885245901637
21 0.889090909090909 0.6830601092896175 0.21454545454545454 0.3770491803278688
21 0.7072727272727273 0.8497267759562842 0.26181818181818184 0.3005464480874317
21 0.15454545454545454 0.9153005464480874 0.22545454545454546 0.16939890710382513
