47 0.20859375 0.759375 0.271875 0.359375
47 0.62109375 0.48515625 0.2015625 0.3859375
47 0.62421875 0.79140625 0.2078125 0.35
47 0.8234375 0.846875 0.196875 0.30625
47 0.7640625 0.2078125 0.196875 0.3703125
47 0.90390625 0.44921875 0.1796875 0.3546875
47 0.9390625 0.15625 0.121875 0.3125
47 0.1625 0.09296875 0.159375 0.1859375
47 0.14609375 0.45859375 0.1421875 0.2140625
47 0.06171875 0.234375 0.1234375 0.415625
47 0.334375 0.4234375 0.19375 0.3125
47 0.51796875 0.1703125 0.2484375 0.340625
47 0.43359375 0.81796875 0.1859375 0.3375
