21 0.0890625 0.4305555555555556 0.075 0.11666666666666667
21 0.22421875 0.3347222222222222 0.06875 0.14444444444444443
21 0.278125 0.2638888888888889 0.078125 0.1388888888888889
21 0.125 0.5944444444444444 0.075 0.1361111111111111
21 0.09140625 0.9027777777777778 0.0734375 0.1111111111111111
21 0.48671875 0.10972222222222222 0.084375 0.12222222222222222
21 0.4625 0.275 0.0890625 0.125
21 0.62421875 0.11388888888888889 0.0828125 0.13055555555555556
21 0.5796875 0.19722222222222222 0.0765625 0.1361111111111111
21 0.6875 0.20416666666666666 0.0578125 0.10277777777777777
21 0.71484375 0.12222222222222222 0.08125 0.11944444444444445
21 0.86953125 0.14166666666666666 0.0765625 0.1111111111111111
21 0.7953125 0.2125 0.0765625 0.12222222222222222
21 0.81875 0.06527777777777778 0.0609375 0.13055555555555556
21 0.86484375 0.2972222222222222 0.0765625 0.12222222222222222
21 0.73984375 0.28888888888888886 0.084375 0.125
21 0.6453125 0.2833333333333333 0.084375 0.125
21 0.5390625 0.2847222222222222 0.06875 0.15555555555555556
21 0.89921875 0.4597222222222222 0.0671875 0.12777777777777777
21 0.834375 0.5361111111111111 0.0734375 0.13055555555555556
21 0.78046875 0.4527777777777778 0.078125 0.11388888888888889
21 0.70234375 0.4361111111111111 0.071875 0.12777777777777777
21 0.6265625 0.44166666666666665 0.08125 0.12222222222222222
21 0.5765625 0.5291666666666667 0.08125 0.125
21 0.8546875 0.6986111111111111 0.0734375 0.125
21 0.76875 0.6138888888888889 0.0828125 0.12222222222222222
21 0.7265625 0.5347222222222222 0.084375 0.13333333333333333
21 0.6265625 0.6138888888888889 0.0875 0.125
21 0.5203125 0.6083333333333333 0.084375 0.125
21 0.44609375 0.5222222222222223 0.084375 0.12777777777777777
21 0.83984375 0.85 0.0671875 0.11388888888888889
21 0.796875 0.7708333333333334 0.0796875 0.11944444444444445
21 0.71171875 0.7777777777777778 0.0796875 0.125
21 0.609375 0.7777777777777778 0.084375 0.12777777777777777
21 0.3625 0.6902777777777778 0.08125 0.12222222222222222
21 0.48828125 0.7763888888888889 0.0875 0.11666666666666667
21 0.328125 0.925 0.0859375 0.11944444444444445
21 0.54921875 0.9347222222222222 0.0796875 0.11388888888888889
21 0.45078125 0.9291666666666667 0.084375 0.11666666666666667
21 0.7859375 0.925 0.078125 0.1111111111111111
21 0.75 0.8611111111111112 0.065625 0.12222222222222222
21 0.70625 0.9277777777777778 0.0765625 0.11388888888888889
21 0.6578125 0.8555555555555555 0.0828125 0.12222222222222222
21 0.43359375 0.043055555555555555 0.096875 0.08611111111111111
