21 0.1734375 0.06666666666666667 0.0625 0.13333333333333333
21 0.903125 0.3277777777777778 0.0578125 0.15833333333333333
21 0.82890625 0.3194444444444444 0.0765625 0.12222222222222222
21 0.8328125 0.16944444444444445 0.06875 0.11666666666666667
21 0.803125 0.08055555555555556 0.0828125 0.11666666666666667
21 0.74765625 0.15694444444444444 0.0796875 0.11944444444444445
21 0.6953125 0.0763888888888889 0.0875 0.1111111111111111
21 0.6484375 0.15 0.075 0.12222222222222222
21 0.85703125 0.4097222222222222 0.0703125 0.11666666666666667
21 0.834375 0.8 0.0734375 0.1111111111111111
21 0.7890625 0.8763888888888889 0.0796875 0.1111111111111111
21 0.73515625 0.8041666666666667 0.0765625 0.10833333333333334
21 0.81875 0.6472222222222223 0.0703125 0.125
21 0.6828125 0.8819444444444444 0.084375 0.125
21 0.26875 0.46944444444444444 0.084375 0.12222222222222222
21 0.17890625 0.8513888888888889 0.059375 0.11666666666666667
21 0.5015625 0.8055555555555556 0.0859375 0.12222222222222222
21 0.2390625 0.1361111111111111 0.0859375 0.12777777777777777
21 0.5515625 0.13055555555555556 0.071875 0.13333333333333333
21 0.48046875 0.1388888888888889 0.0765625 0.11944444444444445
21 0.4015625 0.13472222222222222 0.084375 0.12222222222222222
21 0.5921875 0.22777777777777777 0.08125 0.125
21 0.69140625 0.23055555555555557 0.0765625 0.11666666666666667
21 0.54765625 0.30972222222222223 0.0765625 0.12222222222222222
21 0.4921875 0.3875 0.0859375 0.11944444444444445
21 0.41171875 0.38472222222222224 0.0796875 0.12222222222222222
21 0.7328125 0.31666666666666665 0.08125 0.11666666666666667
21 0.63671875 0.30972222222222223 0.0875 0.13055555555555556
21 0.7765625 0.4013888888888889 0.075 0.11666666666666667
21 0.6921875 0.3972222222222222 0.0828125 0.12222222222222222
21 0.62890625 0.4777777777777778 0.0828125 0.125
21 0.78359375 0.5638888888888889 0.0828125 0.11944444444444445
21 0.68671875 0.5597222222222222 0.0765625 0.11666666666666667
21 0.6453125 0.6430555555555556 0.0828125 0.12222222222222222
21 0.5859375 0.7222222222222222 0.0859375 0.12777777777777777
21 0.69140625 0.7222222222222222 0.084375 0.12222222222222222
21 0.446875 0.8777777777777778 0.08125 0.11666666666666667
21 0.2578125 0.9416666666666667 0.075 0.11388888888888889
21 0.73671875 0.9472222222222222 0.0796875 0.10555555555555556
21 0.6390625 0.95 0.071875 0.1
21 0.565625 0.8805555555555555 0.0796875 0.10555555555555556
21 0.50859375 0.95 0.084375 0.1
