21 0.07734375 0.3625 0.0671875 0.125
21 0.0515625 0.8444444444444444 0.05625 0.15
21 0.128125 0.44166666666666665 0.0703125 0.125
21 0.190625 0.6055555555555555 0.084375 0.13055555555555556
21 0.10859375 0.9125 0.0734375 0.11388888888888889
21 0.27421875 0.9291666666666667 0.0765625 0.11388888888888889
21 0.31640625 0.7763888888888889 0.084375 0.12222222222222222
21 0.48046875 0.7861111111111111 0.08125 0.12222222222222222
21 0.4875 0.45416666666666666 0.0765625 0.1361111111111111
21 0.5203125 0.09722222222222222 0.0828125 0.13333333333333333
21 0.4890625 0.20277777777777778 0.084375 0.125
21 0.72421875 0.5458333333333333 0.078125 0.125
21 0.71171875 0.7111111111111111 0.071875 0.1388888888888889
21 0.80546875 0.9375 0.071875 0.10833333333333334
21 0.615625 0.058333333333333334 0.08125 0.1111111111111111
21 0.70078125 0.06111111111111111 0.0875 0.11666666666666667
