14 0.4320388349514563 0.2789532293986637 0.20970873786407768 0.24164810690423164
14 0.662621359223301 0.3747216035634744 0.20097087378640777 0.21937639198218262
14 0.9121359223300971 0.4398663697104677 0.11359223300970873 0.12694877505567928
14 0.21067961165048543 0.4443207126948775 0.1553398058252427 0.18262806236080179
14 0.49271844660194175 0.48552338530066813 0.1912621359223301 0.20935412026726058
14 0.7101941747572815 0.4888641425389755 0.13106796116504854 0.1492204899777283
14 0.5800970873786407 0.5228285077951003 0.13883495145631067 0.17706013363028952
14 0.2849514563106796 0.5339643652561247 0.1796116504854369 0.19487750556792874
14 0.8145631067961165 0.549554565701559 0.22135922330097088 0.23496659242761692
14 0.41941747572815535 0.5567928730512249 0.16116504854368932 0.16703786191536749
