21 0.1109375 0.3902777777777778 0.0796875 0.11666666666666667
21 0.09375 0.7055555555555556 0.0796875 0.125
21 0.32890625 0.5611111111111111 0.0859375 0.11944444444444445
21 0.3921875 0.3125 0.0859375 0.11944444444444445
21 0.4765625 0.15 0.084375 0.125
21 0.4390625 0.39861111111111114 0.08125 0.125
21 0.38046875 0.65 0.08125 0.125
21 0.58515625 0.32083333333333336 0.0859375 0.12222222222222222
21 0.91328125 0.3458333333333333 0.06875 0.13055555555555556
21 0.85078125 0.3347222222222222 0.0609375 0.125
21 0.8125 0.4125 0.078125 0.12222222222222222
21 0.68046875 0.5708333333333333 0.084375 0.11944444444444445
21 0.6296875 0.49583333333333335 0.0859375 0.125
21 0.61796875 0.6555555555555556 0.0875 0.125
21 0.8421875 0.5708333333333333 0.0734375 0.10833333333333334
21 0.7578125 0.5722222222222222 0.0765625 0.11666666666666667
21 0.86328125 0.8180555555555555 0.06875 0.1388888888888889
21 0.79765625 0.8138888888888889 0.0765625 0.11666666666666667
21 0.8015625 0.6611111111111111 0.08125 0.11666666666666667
21 0.7546875 0.7347222222222223 0.0796875 0.11944444444444445
21 0.67265625 0.7277777777777777 0.084375 0.13055555555555556
21 0.625 0.8111111111111111 0.08125 0.12777777777777777
21 0.590625 0.8986111111111111 0.0828125 0.12222222222222222
21 0.5125 0.8916666666666667 0.078125 0.12222222222222222
21 0.7015625 0.8097222222222222 0.0828125 0.11944444444444445
21 0.80234375 0.2513888888888889 0.0796875 0.125
21 0.75859375 0.33611111111111114 0.084375 0.12222222222222222
21 0.7078125 0.24444444444444444 0.08125 0.12777777777777777
21 0.74453125 0.8916666666666667 0.08125 0.12222222222222222
21 0.66484375 0.325 0.084375 0.12777777777777777
21 0.78359375 0.09444444444444444 0.0796875 0.125
21 0.69609375 0.125 0.0765625 0.13333333333333333
21 0.6296875 0.05277777777777778 0.075 0.10555555555555556
21 0.55390625 0.1486111111111111 0.075 0.12777777777777777
21 0.62890625 0.16111111111111112 0.084375 0.125
