21 0.95546875 0.8819444444444444 0.0625 0.14444444444444443
21 0.903125 0.9083333333333333 0.0578125 0.14166666666666666
21 0.83984375 0.9291666666666667 0.0796875 0.11388888888888889
21 0.8359375 0.825 0.071875 0.11388888888888889
21 0.8953125 0.7416666666666667 0.078125 0.11388888888888889
21 0.92421875 0.5930555555555556 0.0578125 0.15833333333333333
21 0.87109375 0.5930555555555556 0.0609375 0.15833333333333333
21 0.81875 0.6722222222222223 0.0796875 0.11944444444444445
21 0.778125 0.7944444444444444 0.075 0.12777777777777777
21 0.765625 0.9041666666666667 0.0796875 0.125
21 0.70859375 0.825 0.078125 0.13333333333333333
21 0.72421875 0.7166666666666667 0.078125 0.13333333333333333
21 0.78515625 0.575 0.0828125 0.125
21 0.7375 0.4888888888888889 0.078125 0.12777777777777777
21 0.709375 0.5847222222222223 0.078125 0.125
21 0.6484375 0.65 0.0875 0.11666666666666667
21 0.6578125 0.49444444444444446 0.0640625 0.15555555555555556
21 0.58984375 0.47638888888888886 0.075 0.14722222222222223
21 0.51171875 0.4722222222222222 0.084375 0.11944444444444445
21 0.69375 0.9472222222222222 0.0765625 0.10555555555555556
21 0.6546875 0.8888888888888888 0.0734375 0.13055555555555556
21 0.60546875 0.7486111111111111 0.0703125 0.15555555555555556
21 0.5890625 0.9138888888888889 0.0703125 0.15555555555555556
21 0.55078125 0.8208333333333333 0.06875 0.14166666666666666
21 0.5265625 0.7222222222222222 0.078125 0.125
21 0.5671875 0.6291666666666667 0.0796875 0.13333333333333333
21 0.49140625 0.6319444444444444 0.075 0.13333333333333333
21 0.43515625 0.5527777777777778 0.0828125 0.14166666666666666
21 0.33125 0.5416666666666666 0.0796875 0.12222222222222222
21 0.45859375 0.9263888888888889 0.071875 0.14722222222222223
21 0.4828125 0.8111111111111111 0.0796875 0.13333333333333333
21 0.4171875 0.8208333333333333 0.0671875 0.1527777777777778
21 0.4375 0.7111111111111111 0.0734375 0.1388888888888889
21 0.36484375 0.6305555555555555 0.084375 0.12222222222222222
21 0.39453125 0.9402777777777778 0.0765625 0.11944444444444445
21 0.3296875 0.9513888888888888 0.06875 0.09722222222222222
21 0.3234375 0.8555555555555555 0.0765625 0.13333333333333333
21 0.3671875 0.7388888888888889 0.078125 0.13333333333333333
21 0.30234375 0.7277777777777777 0.0703125 0.1388888888888889
21 0.284375 0.6208333333333333 0.090625 0.12222222222222222
21 0.23359375 0.6972222222222222 0.0828125 0.14444444444444443
21 0.15234375 0.7611111111111111 0.065625 0.12222222222222222
21 0.26171875 0.825 0.0625 0.1388888888888889
21 0.20390625 0.7986111111111112 0.0640625 0.1361111111111111
21 0.265625 0.9402777777777778 0.0734375 0.11944444444444445
21 0.15703125 0.875 0.071875 0.12777777777777777
21 0.09921875 0.9208333333333333 0.078125 0.11388888888888889
21 0.1015625 0.6875 0.0796875 0.11666666666666667
21 0.03828125 0.9361111111111111 0.06875 0.12777777777777777
21 0.04765625 0.8263888888888888 0.0640625 0.1361111111111111
