21 0.32974910394265233 0.6555555555555556 0.22939068100358423 0.22777777777777777
21 0.13620071684587814 0.425 0.1935483870967742 0.2611111111111111
21 0.25806451612903225 0.26944444444444443 0.1827956989247312 0.24444444444444444
21 0.3978494623655914 0.16666666666666666 0.14695340501792115 0.28888888888888886
21 0.5483870967741935 0.14444444444444443 0.13261648745519714 0.28888888888888886
21 0.6935483870967742 0.16944444444444445 0.15770609318996415 0.26666666666666666
21 0.08781362007168458 0.6333333333333333 0.17562724014336917 0.24444444444444444
21 0.7078853046594982 0.6694444444444444 0.21863799283154123 0.22777777777777777
21 0.8172043010752689 0.2833333333333333 0.17921146953405018 0.2722222222222222
21 0.6021505376344086 0.46944444444444444 0.17204301075268819 0.3277777777777778
21 0.9175627240143369 0.7111111111111111 0.16487455197132617 0.25
21 0.4265232974910394 0.46111111111111114 0.15770609318996415 0.2833333333333333
