21 0.08359375 0.3333333333333333 0.0796875 0.10833333333333334
21 0.1859375 0.40694444444444444 0.0765625 0.11944444444444445
21 0.46171875 0.16944444444444445 0.0796875 0.1361111111111111
21 0.240625 0.49722222222222223 0.0828125 0.13333333333333333
21 0.38203125 0.5027777777777778 0.0828125 0.125
21 0.53671875 0.2652777777777778 0.0671875 0.14444444444444443
21 0.46875 0.41944444444444445 0.084375 0.12222222222222222
21 0.5765625 0.17777777777777778 0.0859375 0.13055555555555556
21 0.909375 0.35694444444444445 0.0640625 0.125
21 0.8609375 0.2013888888888889 0.0765625 0.11666666666666667
21 0.78828125 0.1875 0.071875 0.125
21 0.69453125 0.18194444444444444 0.0796875 0.11388888888888889
21 0.628125 0.10416666666666667 0.084375 0.12222222222222222
21 0.634375 0.2638888888888889 0.084375 0.12222222222222222
21 0.75859375 0.2763888888888889 0.071875 0.1388888888888889
21 0.87578125 0.4375 0.078125 0.11666666666666667
21 0.82578125 0.35833333333333334 0.084375 0.11944444444444445
21 0.5265625 0.5055555555555555 0.078125 0.12222222222222222
21 0.6296875 0.5125 0.0859375 0.12222222222222222
21 0.69375 0.42916666666666664 0.0859375 0.11388888888888889
21 0.7046875 0.32222222222222224 0.0765625 0.13333333333333333
21 0.8203125 0.5166666666666667 0.0765625 0.11944444444444445
21 0.746875 0.5069444444444444 0.078125 0.125
21 0.67734375 0.5958333333333333 0.0875 0.12777777777777777
21 0.58125 0.5972222222222222 0.08125 0.125
21 0.38515625 0.6680555555555555 0.08125 0.13055555555555556
21 0.475 0.675 0.078125 0.12222222222222222
21 0.778125 0.6 0.0765625 0.12222222222222222
21 0.86171875 0.6013888888888889 0.0734375 0.1111111111111111
21 0.7296875 0.6791666666666667 0.075 0.12222222222222222
21 0.68671875 0.7625 0.06875 0.12222222222222222
21 0.6046875 0.7472222222222222 0.071875 0.13333333333333333
21 0.5609375 0.8291666666666667 0.0734375 0.1361111111111111
21 0.43359375 0.7527777777777778 0.0859375 0.11944444444444445
21 0.85390625 0.7625 0.0609375 0.14722222222222223
21 0.78515625 0.7583333333333333 0.0765625 0.125
21 0.73828125 0.8333333333333334 0.0796875 0.12222222222222222
21 0.6375 0.8388888888888889 0.0734375 0.11944444444444445
21 0.78828125 0.9111111111111111 0.08125 0.1111111111111111
21 0.684375 0.9125 0.078125 0.10833333333333334
21 0.484375 0.8291666666666667 0.0859375 0.11944444444444445
21 0.41640625 0.9125 0.084375 0.11388888888888889
