21 0.5218181818181818 0.1284153005464481 0.13090909090909092 0.22950819672131148
21 0.6818181818181818 0.22404371584699453 0.16727272727272727 0.18579234972677597
21 0.6981818181818182 0.39617486338797814 0.16 0.18032786885245902
21 0.7381818181818182 0.5819672131147541 0.16 0.21311475409836064
21 0.6327272727272727 0.726775956284153 0.15272727272727274 0.15846994535519127
21 0.5963636363636363 0.5327868852459017 0.14181818181818182 0.2185792349726776
21 0.5763636363636364 0.3251366120218579 0.13090909090909092 0.20218579234972678
21 0.4763636363636364 0.37158469945355194 0.12 0.23497267759562843
21 0.5072727272727273 0.6557377049180327 0.13090909090909092 0.22950819672131148
21 0.48 0.8770491803278688 0.1709090909090909 0.24043715846994534
21 0.37636363636363634 0.7377049180327869 0.09090909090909091 0.12568306010928962
21 0.38 0.5628415300546448 0.14181818181818182 0.20218579234972678
21 0.3490909090909091 0.39617486338797814 0.15636363636363637 0.21311475409836064
21 0.38 0.19398907103825136 0.1709090909090909 0.20218579234972678
21 0.21454545454545454 0.39344262295081966 0.15636363636363637 0.20218579234972678
21 0.24 0.5956284153005464 0.14909090909090908 0.23497267759562843
