21 0.3104026845637584 0.21005917159763313 0.14429530201342283 0.28994082840236685
21 0.16946308724832215 0.33727810650887574 0.1476510067114094 0.27218934911242604
21 0.21476510067114093 0.7751479289940828 0.18120805369127516 0.42011834319526625
21 0.4463087248322148 0.46153846153846156 0.15771812080536912 0.33136094674556216
21 0.31543624161073824 0.46153846153846156 0.15436241610738255 0.22485207100591717
21 0.08557046979865772 0.6449704142011834 0.13087248322147652 0.33727810650887574
21 0.47651006711409394 0.7603550295857988 0.17114093959731544 0.30177514792899407
21 0.6778523489932886 0.33136094674556216 0.15436241610738255 0.33727810650887574
21 0.639261744966443 0.7928994082840237 0.1476510067114094 0.3136094674556213
21 0.7197986577181208 0.6183431952662722 0.13087248322147652 0.2781065088757396
21 0.5771812080536913 0.48520710059171596 0.12751677852348994 0.33136094674556216
21 0.8204697986577181 0.39349112426035504 0.12080536912751678 0.28402366863905326
21 0.8036912751677853 0.8195266272189349 0.13087248322147652 0.2781065088757396
