19 0.4546875 0.228125 0.471875 0.159375
19 0.47265625 0.0765625 0.46875 0.15
23 0.1390625 0.3796875 0.115625 0.115625
23 0.1296875 0.6140625 0.0875 0.1375
25 0.59609375 0.396875 0.2078125 0.16875
36 0.4109375 0.34140625 0.115625 0.10625
49 0.44921875 0.44375 0.134375 0.128125
49 0.415625 0.83515625 0.134375 0.121875
36 0.57421875 0.803125 0.10625 0.096875
36 0.30546875 0.63671875 0.1015625 0.10625
36 0.18984375 0.7078125 0.1296875 0.0984375
36 0.4125 0.615625 0.09375 0.1015625
25 0.19609375 0.54296875 0.1375 0.053125
25 0.22578125 0.384375 0.0828125 0.1484375
25 0.209375 0.49140625 0.090625 0.075
25 0.5953125 0.7234375 0.146875 0.090625
25 0.3640625 0.75 0.0453125 0.0921875
23 0.396875 0.928125 0.0921875 0.071875
23 0.478125 0.65859375 0.0765625 0.071875
43 0.3171875 0.47109375 0.1296875 0.196875
43 0.2765625 0.85078125 0.1296875 0.153125
43 0.53125 0.9234375 0.1546875 0.1390625
25 0.196875 0.60546875 0.115625 0.0921875
43 0.571875 0.56015625 0.159375 0.16875
