21 0.9546875 0.8569444444444444 0.0734375 0.12777777777777777
21 0.965625 0.6222222222222222 0.06875 0.12777777777777777
21 0.975 0.38055555555555554 0.05 0.14722222222222223
21 0.940625 0.46111111111111114 0.06875 0.125
21 0.89140625 0.3902777777777778 0.071875 0.11666666666666667
21 0.9328125 0.30416666666666664 0.0625 0.14722222222222223
21 0.97109375 0.14027777777777778 0.0546875 0.1527777777777778
21 0.91953125 0.1597222222222222 0.059375 0.14722222222222223
21 0.8578125 0.1638888888888889 0.0796875 0.125
21 0.91484375 0.6069444444444444 0.059375 0.15
21 0.85390625 0.5916666666666667 0.078125 0.12222222222222222
21 0.8625 0.4722222222222222 0.075 0.13333333333333333
21 0.80078125 0.48333333333333334 0.06875 0.14722222222222223
21 0.7390625 0.5305555555555556 0.0796875 0.11388888888888889
21 0.88203125 0.27361111111111114 0.0734375 0.1361111111111111
21 0.8234375 0.25277777777777777 0.0625 0.14444444444444443
21 0.76484375 0.25555555555555554 0.065625 0.15833333333333333
21 0.9 0.9333333333333333 0.071875 0.125
21 0.8609375 0.8541666666666666 0.075 0.13055555555555556
21 0.85078125 0.7013888888888888 0.0796875 0.13055555555555556
21 0.790625 0.6222222222222222 0.059375 0.1638888888888889
21 0.7359375 0.6527777777777778 0.065625 0.15555555555555556
21 0.821875 0.37222222222222223 0.084375 0.12777777777777777
21 0.75703125 0.39166666666666666 0.065625 0.14166666666666666
21 0.69140625 0.4444444444444444 0.0875 0.11944444444444445
21 0.615625 0.43472222222222223 0.078125 0.14722222222222223
21 0.6484375 0.34444444444444444 0.06875 0.1361111111111111
21 0.71015625 0.3111111111111111 0.0671875 0.1638888888888889
21 0.78359375 0.13194444444444445 0.0765625 0.11388888888888889
21 0.85078125 0.06388888888888888 0.0734375 0.10277777777777777
21 0.72265625 0.05416666666666667 0.078125 0.10833333333333334
21 0.67421875 0.10277777777777777 0.0734375 0.13055555555555556
21 0.60859375 0.125 0.071875 0.14166666666666666
21 0.7171875 0.18194444444444444 0.08125 0.12777777777777777
21 0.65703125 0.21805555555555556 0.075 0.14722222222222223
21 0.8 0.7777777777777778 0.0703125 0.11388888888888889
21 0.71640625 0.7819444444444444 0.0703125 0.1388888888888889
21 0.6484375 0.7680555555555556 0.0796875 0.15
21 0.81015625 0.9347222222222222 0.078125 0.13055555555555556
21 0.7578125 0.8541666666666666 0.0671875 0.12777777777777777
21 0.66171875 0.8888888888888888 0.0828125 0.12777777777777777
21 0.59765625 0.8472222222222222 0.071875 0.12777777777777777
21 0.5765625 0.6916666666666667 0.1 0.1361111111111111
21 0.659375 0.6083333333333333 0.0984375 0.1361111111111111
21 0.59140625 0.5513888888888889 0.06875 0.16666666666666666
21 0.5890625 0.26805555555555555 0.0859375 0.11944444444444445
21 0.540625 0.18194444444444444 0.071875 0.14444444444444443
21 0.47890625 0.13472222222222222 0.06875 0.1527777777777778
21 0.4125 0.1625 0.0796875 0.1527777777777778
21 0.34765625 0.17083333333333334 0.06875 0.12222222222222222
21 0.28046875 0.17222222222222222 0.0703125 0.1527777777777778
21 0.21640625 0.20694444444444443 0.075 0.14722222222222223
21 0.14765625 0.24166666666666667 0.0875 0.11944444444444445
21 0.46953125 0.25833333333333336 0.0953125 0.11944444444444445
21 0.37109375 0.2791666666666667 0.0765625 0.125
21 0.30703125 0.29583333333333334 0.06875 0.14444444444444443
21 0.24765625 0.3194444444444444 0.0640625 0.1361111111111111
21 0.17890625 0.3333333333333333 0.0703125 0.12222222222222222
21 0.115625 0.3861111111111111 0.065625 0.14166666666666666
21 0.07421875 0.3138888888888889 0.0796875 0.11944444444444445
21 0.06328125 0.07361111111111111 0.0625 0.13055555555555556
21 0.34296875 0.06111111111111111 0.0796875 0.11944444444444445
21 0.4375 0.04722222222222222 0.065625 0.09444444444444444
21 0.57109375 0.043055555555555555 0.071875 0.08611111111111111
21 0.28359375 0.05138888888888889 0.0625 0.10277777777777777
21 0.1765625 0.09722222222222222 0.071875 0.11666666666666667
21 0.1140625 0.16527777777777777 0.0796875 0.1111111111111111
21 0.05078125 0.1986111111111111 0.065625 0.1527777777777778
21 0.525 0.8472222222222222 0.0796875 0.12222222222222222
21 0.5296875 0.6027777777777777 0.06875 0.125
21 0.5453125 0.4527777777777778 0.075 0.14166666666666666
21 0.52734375 0.34444444444444444 0.09375 0.13055555555555556
21 0.478125 0.4388888888888889 0.065625 0.15555555555555556
21 0.4265625 0.35138888888888886 0.0671875 0.14444444444444443
21 0.34765625 0.3902777777777778 0.078125 0.13055555555555556
21 0.48828125 0.9333333333333333 0.0828125 0.13333333333333333
21 0.49296875 0.7125 0.075 0.17222222222222222
21 0.4578125 0.5916666666666667 0.08125 0.11944444444444445
21 0.4125 0.48333333333333334 0.0859375 0.14444444444444443
21 0.334375 0.49583333333333335 0.065625 0.12222222222222222
21 0.28046875 0.425 0.071875 0.13333333333333333
21 0.2203125 0.46805555555555556 0.065625 0.14722222222222223
21 0.159375 0.4597222222222222 0.065625 0.13333333333333333
21 0.103125 0.5152777777777777 0.0765625 0.14166666666666666
21 0.04296875 0.5541666666666667 0.0796875 0.11944444444444445
21 0.17109375 0.8166666666666667 0.0859375 0.12777777777777777
21 0.0671875 0.8013888888888889 0.0828125 0.12222222222222222
21 0.31171875 0.9138888888888889 0.0734375 0.1527777777777778
21 0.365625 0.8319444444444445 0.0765625 0.15555555555555556
21 0.41953125 0.7263888888888889 0.075 0.15555555555555556
21 0.38125 0.5875 0.0828125 0.12222222222222222
21 0.353125 0.6930555555555555 0.0703125 0.1388888888888889
21 0.29609375 0.7444444444444445 0.075 0.15833333333333333
21 0.2453125 0.8333333333333334 0.0734375 0.175
21 0.203125 0.9513888888888888 0.096875 0.09722222222222222
21 0.12109375 0.8888888888888888 0.0734375 0.15833333333333333
21 0.2015625 0.7125 0.0875 0.125
21 0.303125 0.5944444444444444 0.065625 0.14166666666666666
21 0.24296875 0.5916666666666667 0.0671875 0.15555555555555556
21 0.17421875 0.5680555555555555 0.078125 0.1361111111111111
21 0.1234375 0.6513888888888889 0.08125 0.13055555555555556
21 0.4421875 0.8388888888888889 0.084375 0.125
