40 0.5171875 0.31875 0.0703125 0.0796875
40 0.4109375 0.32421875 0.0453125 0.0828125
40 0.46875 0.33515625 0.0390625 0.0578125
40 0.24765625 0.3484375 0.0515625 0.0671875
40 0.290625 0.3484375 0.0609375 0.071875
40 0.52734375 0.4078125 0.0796875 0.0796875
40 0.31640625 0.4171875 0.0703125 0.0765625
40 0.634375 0.42890625 0.09375 0.0703125
40 0.8265625 0.59609375 0.034375 0.0359375
40 0.65390625 0.6 0.0796875 0.0796875
40 0.9 0.66953125 0.0875 0.075
40 0.95078125 0.7125 0.0515625 0.0625
40 0.98203125 0.8125 0.0359375 0.04375
40 0.15625 0.19140625 0.065625 0.0578125
