21 0.38359375 0.27361111111111114 0.0859375 0.11388888888888889
21 0.6578125 0.05277777777777778 0.0828125 0.10555555555555556
21 0.7578125 0.13333333333333333 0.0828125 0.11944444444444445
21 0.57578125 0.28055555555555556 0.0796875 0.125
21 0.43671875 0.35833333333333334 0.0828125 0.11666666666666667
21 0.6765625 0.36944444444444446 0.0828125 0.11388888888888889
21 0.8515625 0.38055555555555554 0.0734375 0.11388888888888889
21 0.809375 0.45416666666666666 0.065625 0.13055555555555556
21 0.75546875 0.375 0.078125 0.12222222222222222
21 0.51796875 0.3597222222222222 0.0796875 0.10833333333333334
21 0.3765625 0.44027777777777777 0.0828125 0.11666666666666667
21 0.38203125 0.6097222222222223 0.084375 0.125
21 0.64296875 0.7041666666666667 0.084375 0.12222222222222222
21 0.775 0.5430555555555555 0.08125 0.125
21 0.43046875 0.75 0.078125 0.12222222222222222
21 0.81953125 0.7763888888888889 0.0734375 0.11944444444444445
21 0.7171875 0.7791666666666667 0.0734375 0.125
21 0.5078125 0.775 0.0859375 0.11666666666666667
21 0.41015625 0.8527777777777777 0.08125 0.12222222222222222
21 0.83828125 0.9333333333333333 0.0734375 0.10555555555555556
21 0.5609375 0.8569444444444444 0.090625 0.11388888888888889
21 0.4546875 0.9319444444444445 0.078125 0.1111111111111111
21 0.8265625 0.6236111111111111 0.0765625 0.12222222222222222
