21 0.06953125 0.6625 0.0765625 0.12222222222222222
21 0.15546875 0.2652777777777778 0.08125 0.12222222222222222
21 0.14296875 0.6652777777777777 0.078125 0.1111111111111111
21 0.2859375 0.425 0.078125 0.12222222222222222
21 0.3625 0.35138888888888886 0.0765625 0.11666666666666667
21 0.334375 0.5138888888888888 0.084375 0.1111111111111111
21 0.4640625 0.3527777777777778 0.0890625 0.12222222222222222
21 0.45 0.10694444444444444 0.08125 0.13055555555555556
21 0.565625 0.11388888888888889 0.08125 0.12777777777777777
21 0.1125 0.10277777777777777 0.0765625 0.11388888888888889
21 0.61484375 0.05 0.08125 0.09444444444444444
21 0.546875 0.35555555555555557 0.0796875 0.11388888888888889
21 0.47890625 0.8444444444444444 0.078125 0.1111111111111111
21 0.50234375 0.6013888888888889 0.0828125 0.125
21 0.60859375 0.4361111111111111 0.078125 0.13055555555555556
21 0.71171875 0.44027777777777777 0.0703125 0.125
21 0.925 0.6958333333333333 0.071875 0.11944444444444445
21 0.81328125 0.6930555555555555 0.0796875 0.1111111111111111
21 0.63125 0.6875 0.0828125 0.125
21 0.74375 0.5291666666666667 0.0765625 0.13055555555555556
21 0.76796875 0.3680555555555556 0.075 0.11944444444444445
21 0.78984375 0.2013888888888889 0.0796875 0.125
21 0.60625 0.27361111111111114 0.0828125 0.11944444444444445
21 0.55078125 0.6861111111111111 0.0828125 0.12222222222222222
21 0.565625 0.5236111111111111 0.0875 0.12777777777777777
21 0.6640625 0.5277777777777778 0.0796875 0.12777777777777777
21 0.71015625 0.6902777777777778 0.078125 0.12222222222222222
21 0.77734375 0.6097222222222223 0.075 0.11388888888888889
21 0.85859375 0.7680555555555556 0.078125 0.12222222222222222
21 0.759375 0.7652777777777777 0.071875 0.13333333333333333
21 0.72109375 0.8513888888888889 0.075 0.11666666666666667
21 0.56015625 0.8472222222222222 0.0890625 0.11666666666666667
21 0.7640625 0.9277777777777778 0.0796875 0.1111111111111111
21 0.60546875 0.9277777777777778 0.08125 0.12222222222222222
21 0.65703125 0.3597222222222222 0.078125 0.125
21 0.7015625 0.28194444444444444 0.08125 0.12222222222222222
21 0.73515625 0.12222222222222222 0.08125 0.11666666666666667
21 0.8640625 0.06666666666666667 0.0734375 0.11944444444444445
21 0.775 0.05555555555555555 0.0703125 0.1111111111111111
21 0.69609375 0.05416666666666667 0.08125 0.09444444444444444
21 0.83125 0.2916666666666667 0.078125 0.12222222222222222
21 0.8859375 0.21805555555555556 0.0734375 0.1361111111111111
