21 0.10859375 0.06527777777777778 0.0765625 0.1111111111111111
21 0.33046875 0.1375 0.084375 0.12222222222222222
21 0.346875 0.5513888888888889 0.090625 0.13055555555555556
21 0.30546875 0.7138888888888889 0.08125 0.1361111111111111
21 0.43671875 0.7222222222222222 0.084375 0.11944444444444445
21 0.15078125 0.8402777777777778 0.0734375 0.11944444444444445
21 0.4234375 0.8791666666666667 0.084375 0.1111111111111111
21 0.22578125 0.8638888888888889 0.084375 0.1111111111111111
21 0.16875 0.9361111111111111 0.078125 0.10833333333333334
21 0.96171875 0.41388888888888886 0.06875 0.13055555555555556
21 0.89453125 0.17777777777777778 0.0765625 0.11944444444444445
21 0.82109375 0.16666666666666666 0.078125 0.11388888888888889
21 0.88984375 0.8708333333333333 0.05625 0.13055555555555556
21 0.44609375 0.059722222222222225 0.0859375 0.11388888888888889
21 0.55625 0.06388888888888888 0.084375 0.11944444444444445
21 0.7421875 0.07777777777777778 0.0875 0.12222222222222222
21 0.70390625 0.15416666666666667 0.084375 0.11666666666666667
21 0.603125 0.14722222222222223 0.084375 0.11944444444444445
21 0.496875 0.14305555555555555 0.0828125 0.11666666666666667
21 0.646875 0.23194444444444445 0.0859375 0.11666666666666667
21 0.54453125 0.22361111111111112 0.084375 0.12222222222222222
21 0.7640625 0.25277777777777777 0.0640625 0.14166666666666666
21 0.878125 0.2847222222222222 0.0640625 0.1527777777777778
21 0.81640625 0.325 0.075 0.11666666666666667
21 0.7078125 0.32083333333333336 0.0796875 0.125
21 0.6484375 0.3958333333333333 0.0796875 0.11388888888888889
21 0.55 0.39166666666666666 0.0859375 0.11666666666666667
21 0.76328125 0.4027777777777778 0.084375 0.12222222222222222
21 0.87109375 0.40555555555555556 0.075 0.12222222222222222
21 0.8015625 0.4875 0.071875 0.13333333333333333
21 0.70234375 0.4791666666666667 0.0859375 0.13333333333333333
21 0.60234375 0.4791666666666667 0.08125 0.125
21 0.5234375 0.5611111111111111 0.0828125 0.12222222222222222
21 0.73046875 0.5722222222222222 0.0765625 0.13055555555555556
21 0.58125 0.6402777777777777 0.0859375 0.13055555555555556
21 0.72890625 0.7277777777777777 0.0828125 0.125
21 0.82109375 0.7263888888888889 0.0796875 0.11388888888888889
21 0.83203125 0.5722222222222222 0.071875 0.12222222222222222
21 0.6296875 0.725 0.0859375 0.12222222222222222
21 0.77890625 0.8083333333333333 0.078125 0.11944444444444445
21 0.525 0.8819444444444444 0.0796875 0.10833333333333334
21 0.67578125 0.8097222222222222 0.08125 0.125
21 0.60234375 0.8833333333333333 0.078125 0.1111111111111111
21 0.71953125 0.8819444444444444 0.078125 0.11388888888888889
21 0.8265625 0.8805555555555555 0.0765625 0.11388888888888889
21 0.7578125 0.9527777777777777 0.0734375 0.09444444444444444
21 0.6484375 0.9513888888888888 0.078125 0.09722222222222222
21 0.47890625 0.9472222222222222 0.0671875 0.10555555555555556
