21 0.3321554770318021 0.36797752808988765 0.14840989399293286 0.1797752808988764
21 0.21024734982332155 0.4241573033707865 0.11307420494699646 0.1853932584269663
21 0.3374558303886926 0.6910112359550562 0.13427561837455831 0.2303370786516854
21 0.5212014134275619 0.6179775280898876 0.14840989399293286 0.19662921348314608
21 0.6837455830388692 0.5252808988764045 0.13074204946996468 0.21910112359550563
21 0.44346289752650175 0.7443820224719101 0.14840989399293286 0.21910112359550563
21 0.47703180212014135 0.4297752808988764 0.13427561837455831 0.1853932584269663
21 0.44876325088339225 0.199438202247191 0.10600706713780919 0.15730337078651685
21 0.6307420494699647 0.30337078651685395 0.10954063604240283 0.12921348314606743
21 0.7226148409893993 0.702247191011236 0.13780918727915195 0.16853932584269662
21 0.5830388692579506 0.7724719101123596 0.14840989399293286 0.16292134831460675
21 0.734982332155477 0.34831460674157305 0.08833922261484099 0.1404494382022472
