21 0.04609375 0.5777777777777777 0.0671875 0.1361111111111111
21 0.9046875 0.9 0.0609375 0.10833333333333334
21 0.84375 0.5222222222222223 0.08125 0.11944444444444445
21 0.85546875 0.3611111111111111 0.0765625 0.12222222222222222
21 0.9015625 0.058333333333333334 0.0625 0.11666666666666667
21 0.8390625 0.125 0.084375 0.11388888888888889
21 0.79609375 0.05138888888888889 0.075 0.10277777777777777
21 0.603125 0.10138888888888889 0.0828125 0.12777777777777777
21 0.52578125 0.09861111111111111 0.08125 0.13055555555555556
21 0.44765625 0.09583333333333334 0.08125 0.13055555555555556
21 0.3671875 0.09166666666666666 0.0875 0.125
21 0.8265625 0.9111111111111111 0.071875 0.1111111111111111
21 0.85 0.7555555555555555 0.0765625 0.11666666666666667
21 0.79921875 0.6791666666666667 0.084375 0.125
21 0.753125 0.5972222222222222 0.08125 0.11944444444444445
21 0.703125 0.6791666666666667 0.084375 0.11666666666666667
21 0.79453125 0.8333333333333334 0.075 0.1111111111111111
21 0.75078125 0.7569444444444444 0.078125 0.11666666666666667
21 0.74609375 0.9152777777777777 0.0828125 0.11944444444444445
21 0.6984375 0.8347222222222223 0.075 0.11666666666666667
21 0.65546875 0.9138888888888889 0.0765625 0.11666666666666667
21 0.64453125 0.7597222222222222 0.0921875 0.125
21 0.59296875 0.8361111111111111 0.0828125 0.12777777777777777
21 0.5109375 0.8319444444444445 0.08125 0.12777777777777777
21 0.7890625 0.4361111111111111 0.0828125 0.11666666666666667
21 0.80859375 0.2763888888888889 0.08125 0.11388888888888889
21 0.73125 0.2722222222222222 0.0828125 0.125
21 0.6234375 0.2652777777777778 0.084375 0.12222222222222222
21 0.6984375 0.43333333333333335 0.0796875 0.11944444444444445
21 0.6546875 0.5958333333333333 0.08125 0.11944444444444445
21 0.61171875 0.5097222222222222 0.0890625 0.12222222222222222
21 0.5640625 0.4263888888888889 0.0859375 0.125
21 0.5078125 0.3388888888888889 0.0875 0.12222222222222222
21 0.58671875 0.675 0.0828125 0.12222222222222222
21 0.53984375 0.5875 0.084375 0.12222222222222222
21 0.4859375 0.5069444444444444 0.0875 0.125
21 0.359375 0.5027777777777778 0.0859375 0.125
21 0.28671875 0.5861111111111111 0.08125 0.14722222222222223
21 0.43046875 0.8319444444444445 0.084375 0.12222222222222222
21 0.3171875 0.8277777777777777 0.0796875 0.1388888888888889
21 0.640625 0.043055555555555555 0.0875 0.08611111111111111
