11 0.19459545214172397 0.7263823879412932 0.15956636700158647 0.06986513288377627
1 0.18881544156530936 0.35577945259817534 0.19658381808566897 0.09692582308607695
2 0.27303014278159704 0.514379214597382 0.12102591221575887 0.08888932963109877
2 0.37043892120571126 0.524494248314161 0.07366472765732417 0.05895676318921063
10 0.8928291909042834 0.5647282824276081 0.14645690111052354 0.07417294724315748
6 0.7264251718667372 0.8024196747322492 0.26107350608143837 0.07211424038080128
5 0.4807033315705976 0.6931495438318128 0.1582125859333686 0.08607298690995636
8 0.47268640930724487 0.5814914716382388 0.29838180856689583 0.056600555335184446
10 0.7557852987837124 0.5610987703292344 0.1054574299312533 0.05402618008726695
3 0.7522686409307244 0.730472034906783 0.350444209413009 0.11450614835382786
7 0.6549444738233738 0.5078421261404205 0.11313590692755156 0.09546608488694962
0 0.37242199894235856 0.7682744942483142 0.22418826017979904 0.09203094010313367
9 0.11913802221047065 0.5664537881792939 0.1488630354309889 0.07386751289170963
4 0.6620148069804336 0.34960729869099566 0.18185087255420412 0.10249504165013883