11 0.2817492096944152 0.38128458498023715 0.13029504741833509 0.05022529644268774
9 0.45237091675447844 0.3863359683794466 0.13434141201264488 0.03134387351778656
0 0.6949789251844046 0.3696442687747036 0.21562697576396206 0.05856916996047431
7 0.8585879873551105 0.5168260869565218 0.11080611169652266 0.10523715415019763
5 0.5088461538461538 0.5148458498023715 0.1770389884088514 0.10918181818181819
2 0.12285563751317176 0.5440237154150198 0.2120758693361433 0.11968379446640316
8 0.30635932560590096 0.5385296442687747 0.20685985247629082 0.05688537549407114
6 0.20096417281348788 0.7969446640316206 0.24269757639620654 0.06732411067193676
1 0.2922813487881981 0.688403162055336 0.1513540569020021 0.10599209486166009
10 0.5372391991570074 0.7198063241106719 0.16709694415173865 0.058134387351778664
4 0.7754689146469967 0.6938932806324111 0.21503161222339304 0.11960869565217391
3 0.6905742887249737 0.7874624505928853 0.5580611169652265 0.08013043478260869