11 0.8606890561667632 0.5710382276281494 0.19389693109438333 0.08075586446568202
2 0.799160393746381 0.7953084274543875 0.2879675738274464 0.12131624674196351
1 0.30557614360162133 0.3543483927019983 0.1885813549507817 0.11195916594265856
10 0.5159698899826288 0.7576976542137273 0.189166184134337 0.07953518679409209
6 0.3032599884192241 0.7486316246741963 0.1573422119281992 0.06192006950477845
8 0.20439490445859873 0.5597958297132928 0.25970469021424436 0.06003040834057341
4 0.787394325419803 0.33909643788010424 0.22570353213665317 0.11924413553431798
3 0.4767979154603358 0.389144222415291 0.26834394904458597 0.05643788010425716
5 0.6392646207295889 0.5236229365768897 0.16259409380428488 0.09478279756733275
9 0.49442964678633466 0.5773023457862728 0.2178517660683266 0.07105994787141616
7 0.3199305153445281 0.7990660295395309 0.20751592356687898 0.12694613379669853
0 0.1327504342790967 0.765742832319722 0.18315576143601622 0.1056776715899218