5 0.4273367697594502 0.6930498281786942 0.16955326460481102 0.09948024054982818
6 0.6917525773195876 0.8125601374570447 0.2929553264604811 0.08055841924398625
1 0.8416323024054982 0.5027190721649484 0.22806414662084765 0.13832474226804123
0 0.20876861397479954 0.34914089347079036 0.1995475372279496 0.06751288659793814
11 0.11986827033218786 0.7366666666666667 0.16991981672394044 0.07730670103092784
7 0.614020618556701 0.4874656357388316 0.12784077892325316 0.1039647766323024
3 0.7325601374570446 0.7298969072164949 0.38854524627720505 0.12293384879725086
2 0.12533218785796107 0.5172895189003437 0.1050114547537228 0.07758161512027492
8 0.38377434135166094 0.571516323024055 0.3215463917525773 0.06158505154639175
2 0.31458190148911797 0.507581615120275 0.10084765177548684 0.06297680412371134
2 0.22215349369988546 0.5181271477663231 0.08663230240549828 0.07088487972508592
4 0.7849140893470791 0.31316580756013745 0.21491981672394045 0.11779209621993128
9 0.5455326460481099 0.36189862542955326 0.16895761741122567 0.045103092783505154
10 0.2240836197021764 0.7877491408934708 0.10738831615120274 0.0742053264604811
10 0.3465063001145475 0.7695446735395189 0.12886597938144329 0.08913230240549828