2 0.7905409836065574 0.7157909836065574 0.22328415300546448 0.08954508196721311
11 0.9022459016393443 0.5594877049180328 0.18125683060109288 0.07736065573770491
1 0.38920765027322407 0.35090573770491806 0.18308743169398908 0.10659836065573772
10 0.7137650273224044 0.7916393442622951 0.186551912568306 0.09739754098360656
5 0.6935300546448088 0.5334467213114754 0.1870655737704918 0.0990327868852459
6 0.3588142076502732 0.7186393442622951 0.18549180327868853 0.0637377049180328
0 0.24630601092896176 0.7727377049180328 0.12139344262295082 0.09640983606557377
7 0.5612295081967212 0.708516393442623 0.10102732240437158 0.1070655737704918
3 0.558311475409836 0.3870819672131148 0.2661311475409836 0.055364754098360655
4 0.839568306010929 0.34208196721311473 0.21956830601092897 0.1123688524590164
0 0.11879234972677595 0.7862336065573771 0.1238087431693989 0.10156967213114755
9 0.3867978142076503 0.5440983606557377 0.09059562841530054 0.0607827868852459
9 0.47308196721311474 0.5454180327868852 0.07419672131147541 0.06100819672131148
8 0.22330601092896174 0.5759713114754098 0.2450327868852459 0.06086475409836065