2 0.12535189075630251 0.5802797478329393 0.19596113445378152 0.10586288416075651
6 0.36992121848739495 0.5665918045705279 0.1757983193277311 0.05957446808510638
0 0.69546743697479 0.4038691883372734 0.22288865546218486 0.06439322301024429
11 0.2764968487394958 0.40529156816390866 0.12034663865546218 0.051859732072498034
1 0.28094537815126047 0.7132348305752562 0.15115546218487397 0.10935776201733649
5 0.16200105042016807 0.7684436564223798 0.17205357142857142 0.09921591804570529
7 0.8461029411764706 0.5486485421591805 0.14886029411764706 0.10589046493301812
8 0.5682510504201681 0.6026753349093774 0.2685031512605042 0.061686367218282114
3 0.7101575630252102 0.8378211189913317 0.5207142857142858 0.09599290780141843
9 0.4505304621848739 0.41775413711583925 0.14470588235294116 0.036099290780141846
4 0.5631827731092437 0.7208707643814026 0.14728991596638655 0.108274231678487
10 0.7633035714285714 0.7637234042553191 0.18557247899159662 0.08274231678486997