6 0.3354470198675497 0.7550062060405461 0.21566777041942606 0.07322300372362432
4 0.8187472406181016 0.31985932974762105 0.21002207505518763 0.10864708316094333
7 0.5239293598233996 0.6899462143152668 0.08374724061810154 0.10372776168804303
5 0.5699172185430463 0.5031237070748862 0.19211368653421634 0.09369880016549441
1 0.83091059602649 0.7571410839884154 0.22108167770419426 0.1414067025237898
2 0.365612582781457 0.5048986346710799 0.10045805739514349 0.058109226313611914
3 0.7374503311258278 0.5428051303268515 0.38724061810154525 0.08345055854364915
11 0.17221302428256072 0.7175548200248242 0.16781456953642382 0.06889118742242449
2 0.2764128035320088 0.511977658254034 0.08373620309050772 0.05931319817956145
9 0.5886699779249448 0.3592594124948283 0.1729194260485651 0.045510964004964835
0 0.26766004415011035 0.34270997103847745 0.2152317880794702 0.08412494828299545
2 0.1894757174392936 0.5102730657840298 0.09933774834437085 0.0689573851882499
8 0.20695364238410596 0.5585436491518411 0.26306291390728476 0.07447248655357881
10 0.6880077262693157 0.7661026065370294 0.10301876379690948 0.10894911046752172
10 0.5813079470198675 0.7916135705419942 0.11405629139072847 0.07171286719073232