7 0.6733333333333333 0.5041789852177387 0.11628860489882853 0.09393527766679984
4 0.8417465388711395 0.3388094286855773 0.2014217252396166 0.10679584498601678
5 0.5002715654952077 0.6910067918497802 0.15708200212992546 0.09669196963643628
1 0.20627795527156548 0.3530603276068718 0.19027156549520766 0.0991450259688374
11 0.21173056443024493 0.7232920495405514 0.16271033013844516 0.06952457051538155
3 0.7821458998935037 0.7319976028765481 0.3579818956336528 0.11657610866959649
6 0.7449787007454739 0.7991849780263683 0.27596379126730564 0.08915301638034359
2 0.33056975505857294 0.5151178585697163 0.18717252396166134 0.08289652417099481
9 0.1259957401490948 0.5630083899320815 0.16798189563365284 0.06766679984019178
8 0.4516027689030884 0.5663563723531762 0.26706070287539935 0.05868957251298442
0 0.4657082002129926 0.36597283260087893 0.2113045793397231 0.06308829404714343
10 0.3026251331203408 0.7770675189772274 0.11182108626198083 0.07058330003995206
10 0.42243343982960596 0.7630842988413903 0.1206975505857295 0.09322013583699561