11 0.8772981770833334 0.4622021484375 0.15520833333333334 0.0727001953125
0 0.22498046875 0.613896484375 0.18130859375 0.0913427734375
6 0.3137890625 0.6737255859375 0.23240885416666668 0.07982421875
5 0.8013476562499999 0.277802734375 0.18697916666666667 0.0721533203125
4 0.7384895833333333 0.5948095703125 0.155390625 0.1087060546875
1 0.40386067708333334 0.2531640625 0.1723111979166667 0.094580078125
8 0.31554036458333334 0.436982421875 0.19490885416666667 0.0592529296875
2 0.13156901041666666 0.444990234375 0.18406901041666668 0.0957177734375
3 0.5733072916666667 0.282314453125 0.21633463541666667 0.05103515625
9 0.5786263020833333 0.4516796875 0.22735677083333336 0.0620947265625
10 0.49587890625 0.6673193359375 0.1801236979166667 0.078125
7 0.7139778645833333 0.6404638671875 0.09548828124999999 0.1057958984375