11 0.8540494791666666 0.456552734375 0.15256510416666666 0.065322265625
0 0.2315625 0.6047265625 0.17344401041666668 0.0880029296875
4 0.7271354166666667 0.58294921875 0.15013671875 0.1061767578125
1 0.40720052083333336 0.2564111328125 0.16421875 0.090751953125
8 0.3189778645833333 0.43263671875 0.18380208333333334 0.0550048828125
5 0.6656575520833333 0.4123291015625 0.15679036458333334 0.075400390625
3 0.5623046875000001 0.2853662109375 0.19539713541666667 0.0494677734375
9 0.5606901041666666 0.4539404296875 0.18529947916666667 0.061279296875
7 0.3916341145833333 0.6480078125 0.17402343750000002 0.09896484375
2 0.14973958333333334 0.4459619140625 0.16492838541666668 0.0943994140625
6 0.37543619791666666 0.5924462890625 0.12152994791666666 0.0520849609375
10 0.5555533854166667 0.6062841796875 0.14322916666666666 0.0602197265625