1 0.18575520833333334 0.2746044921875 0.20079427083333334 0.0989013671875
4 0.6501041666666666 0.2756884765625 0.16016276041666666 0.092392578125
9 0.13657552083333332 0.47919921875 0.163203125 0.0588720703125
2 0.30111979166666664 0.430087890625 0.1928059895833333 0.0810888671875
8 0.4656575520833333 0.4846240234375 0.29185546875 0.0567041015625
7 0.63708984375 0.4308984375 0.09362630208333333 0.0859765625
10 0.8106705729166667 0.472685546875 0.24401692708333333 0.063212890625
11 0.19299479166666667 0.64146484375 0.15450520833333334 0.0643994140625
0 0.37453125 0.6810888671875 0.21376302083333332 0.085048828125
5 0.46892578125 0.6094482421875 0.14647135416666665 0.0850048828125
3 0.7325455729166667 0.636318359375 0.33951171875 0.096416015625
6 0.7195377604166667 0.70306640625 0.23536458333333332 0.0671533203125