0 0.3100716145833333 0.2735791015625 0.16224609375000001 0.04748046875
9 0.5966536458333334 0.2942919921875 0.14817057291666666 0.0215234375
4 0.7984505208333333 0.2622802734375 0.1767578125 0.0942236328125
2 0.30892578125 0.4219921875 0.24980468749999998 0.0601318359375
8 0.4720963541666667 0.4649755859375 0.27926432291666664 0.05625
7 0.64396484375 0.4094580078125 0.10216145833333333 0.0799853515625
1 0.8336002604166667 0.422490234375 0.19497395833333334 0.1138623046875
11 0.21259765625000002 0.6120556640625 0.15088541666666666 0.0691650390625
10 0.3651302083333334 0.6459228515625 0.20335286458333335 0.07048828125
5 0.476015625 0.58275390625 0.14647135416666665 0.084775390625
3 0.7363802083333333 0.6107568359375 0.33908203125 0.0939111328125
6 0.7153385416666667 0.6745751953125 0.23710286458333332 0.0731103515625