23 0.4753521126760563 0.2736842105263158 0.5422535211267606 0.2894736842105263 0.5774647887323944 0.34210526315789475 0.5950704225352113 0.4052631578947368 0.5774647887323944 0.5368421052631579 0.5140845070422535 0.6 0.4471830985915493 0.5736842105263158 0.4119718309859155 0.4789473684210526 0.41901408450704225 0.34210526315789475 0.44366197183098594 0.2894736842105263
23 0.3380281690140845 0.42105263157894735 0.4014084507042254 0.4421052631578947 0.44366197183098594 0.5684210526315789 0.426056338028169 0.6947368421052632 0.35563380281690143 0.7789473684210526 0.30633802816901406 0.7736842105263158 0.2640845070422535 0.7157894736842105 0.23943661971830985 0.5894736842105263 0.2676056338028169 0.4789473684210526 0.2992957746478873 0.4368421052631579
23 0.7359154929577465 0.6 0.7816901408450704 0.6052631578947368 0.8415492957746479 0.6894736842105263 0.8591549295774648 0.7578947368421053 0.8591549295774648 0.8473684210526315 0.8485915492957746 0.9105263157894737 0.8204225352112676 0.9631578947368421 0.7288732394366197 1 0.6690140845070423 0.9210526315789473 0.6584507042253521 0.8052631578947368 0.6830985915492958 0.6473684210526316
23 0.6549295774647887 0.11578947368421053 0.75 0.14210526315789473 0.7711267605633803 0.1736842105263158 0.7676056338028169 0.26842105263157895 0.7007042253521126 0.37894736842105264 0.6619718309859155 0.4052631578947368 0.5985915492957746 0.4105263157894737 0.545774647887324 0.3 0.5492957746478874 0.24736842105263157 0.5915492957746479 0.15263157894736842
23 0.035211267605633804 0.6789473684210526 0.1443661971830986 0.7 0.2112676056338028 0.7684210526315789 0.22183098591549297 0.8 0.21830985915492956 0.9210526315789473 0.18661971830985916 1 0 0.9894736842105263 0 0.6894736842105263
23 0.07394366197183098 0.1235588972431078 0.12323943661971831 0.12882205513784464 0.1619718309859155 0.17092731829573937 0.1795774647887324 0.23408521303258148 0.18309859154929578 0.3709273182957394 0.12323943661971831 0.449874686716792 0.07042253521126761 0.449874686716792 0.02112676056338028 0.39197994987468676 0 0.31829573934837097 0 0.22882205513784465 0.035211267605633804 0.14987468671679202
23 0.18661971830985916 0.3684210526315789 0.23591549295774647 0.3684210526315789 0.2605633802816901 0.3894736842105263 0.2852112676056338 0.45789473684210524 0.24647887323943662 0.5578947368421052 0.2535211267605634 0.6894736842105263 0.16549295774647887 0.7157894736842105 0.11267605633802817 0.6578947368421053 0.09859154929577464 0.5368421052631579 0.1267605633802817 0.4473684210526316
23 0.8908450704225352 0.46842105263157896 0.9471830985915493 0.47368421052631576 0.9964788732394366 0.5368421052631579 1 0.7315789473684211 0.971830985915493 0.8 0.897887323943662 0.8052631578947368 0.8591549295774648 0.8315789473684211 0.8485915492957746 0.7157894736842105 0.8063380281690141 0.631578947368421 0.8345070422535211 0.5263157894736842
23 0.7711267605633803 0.18421052631578946 0.8169014084507042 0.18421052631578946 0.8591549295774648 0.21578947368421053 0.9049295774647887 0.32105263157894737 0.9014084507042254 0.43157894736842106 0.8415492957746479 0.5105263157894737 0.7640845070422535 0.49473684210526314 0.7147887323943662 0.3894736842105263 0.7147887323943662 0.3526315789473684 0.7605633802816901 0.2736842105263158
23 0.4859154929577465 0.07368421052631578 0.5492957746478874 0.08947368421052632 0.5880281690140845 0.16842105263157894 0.545774647887324 0.2894736842105263 0.4788732394366197 0.2789473684210526 0.44014084507042256 0.3 0.4225352112676056 0.24736842105263157 0.4225352112676056 0.16842105263157894 0.43661971830985913 0.12105263157894737
23 0.4225352112676056 0.7210526315789474 0.4894366197183099 0.7421052631578947 0.5422535211267606 0.8368421052631579 0.5492957746478874 0.9105263157894737 0.5316901408450704 1 0.39436619718309857 1 0.38380281690140844 0.9421052631578948 0.3380281690140845 0.8842105263157894 0.3591549295774648 0.7736842105263158
23 0.5809859154929577 0.5368421052631579 0.6443661971830986 0.5736842105263158 0.676056338028169 0.7105263157894737 0.6619718309859155 0.7894736842105263 0.6408450704225352 0.8263157894736842 0.5598591549295775 0.8526315789473684 0.5316901408450704 0.8315789473684211 0.5035211267605634 0.7631578947368421 0.4964788732394366 0.6578947368421053 0.528169014084507 0.5842105263157895