23 0.78 0.52 0.87 0.54 0.89 0.58 0.88 0.655 0.805 0.67 0.75 0.635 0.74 0.57
23 0.505 0.465 0.58 0.495 0.605 0.54 0.6 0.605 0.55 0.645 0.505 0.63 0.455 0.555 0.455 0.505
23 0.115 0.445 0.155 0.45 0.18 0.48 0.15 0.55 0.155 0.62 0.13 0.635 0.1 0.63 0.04 0.545 0.06 0.485
23 0.12 0.225 0.2 0.255 0.19 0.355 0.1 0.35 0.07 0.325 0.06 0.26
23 0.31 0.145 0.385 0.175 0.4 0.2 0.39 0.265 0.295 0.26 0.26 0.23 0.26 0.185
23 0.415 0.29 0.485 0.3 0.525 0.345 0.52 0.405 0.465 0.415 0.435 0.445 0.375 0.385 0.38 0.32
23 0.88 0.655 0.925 0.665 0.96 0.71 0.95 0.765 0.905 0.795 0.845 0.79 0.815 0.735 0.825 0.695
23 0.33 0.595 0.39 0.605 0.425 0.655 0.42 0.73 0.385 0.765 0.345 0.765 0.295 0.7 0.295 0.63
23 0.215 0.49 0.275 0.505 0.295 0.535 0.295 0.585 0.27 0.625 0.205 0.625 0.15 0.59 0.16 0.52
23 0.47 0.635 0.535 0.64 0.565 0.67 0.57 0.72 0.525 0.775 0.47 0.78 0.44 0.745 0.435 0.675
23 0.62 0.605 0.69 0.63 0.665 0.72 0.635 0.745 0.585 0.725 0.565 0.69 0.575 0.635