23 0.193359375 0.39111328125 0.267578125 0.26513671875 0.267578125 0.22412109375 0.2431640625 0.1787109375 0.2138671875 0.1552734375 0.1318359375 0.1611328125 0.1025390625 0.1875 0.076171875 0.23583984375 0.068359375 0.29736328125 0.07421875 0.34716796875 0.0947265625 0.380859375
23 0.099609375 0.71923828125 0.1474609375 0.6943359375 0.17578125 0.65771484375 0.22265625 0.53173828125 0.205078125 0.43212890625 0.1416015625 0.3779296875 0.0947265625 0.38671875 0.060546875 0.42041015625 0.025390625 0.49951171875 0.009765625 0.57861328125 0.009765625 0.65771484375 0.021484375 0.69580078125 0.0439453125 0.71484375
23 0.25390625 0.50244140625 0.3388671875 0.498046875 0.41015625 0.39990234375 0.400390625 0.31787109375 0.3544921875 0.251953125 0.3232421875 0.240234375 0.2900390625 0.2490234375 0.232421875 0.32080078125 0.212890625 0.39111328125 0.212890625 0.44091796875 0.23046875 0.49072265625
23 0.29296875 0.84814453125 0.3349609375 0.8203125 0.365234375 0.77197265625 0.392578125 0.67529296875 0.39453125 0.61376953125 0.380859375 0.56396484375 0.3544921875 0.5302734375 0.3193359375 0.5009765625 0.2802734375 0.4921875 0.2451171875 0.509765625 0.21875 0.54931640625 0.19921875 0.60498046875 0.1953125 0.67822265625 0.22265625 0.81298828125 0.2490234375 0.84375
23 0.51171875 0.85693359375 0.5517578125 0.849609375 0.6005859375 0.8173828125 0.63671875 0.74560546875 0.638671875 0.68115234375 0.615234375 0.61083984375 0.5830078125 0.568359375 0.5478515625 0.55078125 0.5009765625 0.5537109375 0.4482421875 0.591796875 0.416015625 0.64599609375 0.3984375 0.71923828125 0.40234375 0.78662109375 0.4306640625 0.849609375
23 0.4375 0.60205078125 0.4970703125 0.5537109375 0.5537109375 0.5478515625 0.5703125 0.51708984375 0.580078125 0.46728515625 0.576171875 0.41455078125 0.5419921875 0.3603515625 0.5166015625 0.3427734375 0.4560546875 0.3515625 0.4150390625 0.3955078125 0.365234375 0.47900390625 0.3671875 0.54052734375 0.4091796875 0.59765625
23 0.439453125 0.36474609375 0.4697265625 0.3427734375 0.51171875 0.33837890625 0.52734375 0.28564453125 0.529296875 0.21826171875 0.513671875 0.15966796875 0.4873046875 0.1142578125 0.4482421875 0.0849609375 0.4072265625 0.0849609375 0.357421875 0.14208984375 0.34765625 0.23291015625 0.4267578125 0.3603515625
23 0.603515625 0.42333984375 0.6396484375 0.375 0.6826171875 0.3515625 0.6953125 0.30615234375 0.689453125 0.24169921875 0.6533203125 0.1875 0.6181640625 0.1728515625 0.5849609375 0.1845703125 0.552734375 0.22412109375 0.53125 0.31494140625 0.533203125 0.35009765625 0.5693359375 0.404296875
23 0.763671875 0.40576171875 0.8291015625 0.357421875 0.853515625 0.29150390625 0.83984375 0.19482421875 0.8173828125 0.1611328125 0.7802734375 0.140625 0.7275390625 0.1611328125 0.697265625 0.22412109375 0.705078125 0.35302734375
23 0.6484375 0.61083984375 0.7001953125 0.5537109375 0.7509765625 0.5361328125 0.76171875 0.51123046875 0.765625 0.46435546875 0.755859375 0.42333984375 0.7080078125 0.3603515625 0.6689453125 0.357421875 0.6357421875 0.380859375 0.580078125 0.49658203125 0.583984375 0.55810546875 0.6083984375 0.5888671875 0.6279296875 0.580078125
23 0.74609375 0.82763671875 0.8154296875 0.779296875 0.845703125 0.70166015625 0.845703125 0.61376953125 0.8271484375 0.5712890625 0.7978515625 0.544921875 0.7080078125 0.55078125 0.6708984375 0.5830078125 0.64453125 0.64013671875 0.64453125 0.70166015625 0.66015625 0.78076171875 0.7041015625 0.826171875
23 0.8984375 0.65185546875 0.9384765625 0.6357421875 0.9609375 0.60791015625 0.98046875 0.55224609375 0.978515625 0.47900390625 0.958984375 0.42919921875 0.9072265625 0.3720703125 0.8583984375 0.357421875 0.8115234375 0.3662109375 0.765625 0.42626953125 0.787109375 0.53173828125 0.833984375 0.57861328125 0.8544921875 0.638671875