6 0.4508333333333333 0.31625 0.16166666666666665 0.2125
6 0.058333333333333334 0.38 0.11666666666666667 0.15
6 0.4816666666666667 0.475 0.18 0.275
6 0.6233333333333333 0.47875 0.11666666666666667 0.1625
6 0.7375 0.48625 0.14833333333333334 0.2325
6 0.22833333333333333 0.56625 0.09333333333333334 0.1325
6 0.6525 0.5875 0.11833333333333333 0.11
6 0.5341666666666667 0.61625 0.155 0.1925
6 0.3458333333333333 0.62125 0.165 0.2525
6 0.67 0.715 0.15666666666666668 0.245
6 0.33416666666666667 0.7875 0.065 0.115
6 0.5583333333333333 0.79375 0.17 0.2375
6 0.9716666666666667 0.08125 0.056666666666666664 0.1525
6 0.42916666666666664 0.82875 0.14833333333333334 0.2225
6 0.59 0.91125 0.15 0.1025
6 0.35583333333333333 0.92125 0.07166666666666667 0.1575
6 0.435 0.965 0.11333333333333333 0.07
6 0.6466666666666666 0.0975 0.06 0.105
6 0.55 0.12625 0.17 0.2375
6 0.7666666666666667 0.15625 0.13333333333333333 0.1775
6 0.9241666666666667 0.19875 0.125 0.1925
6 0.6341666666666667 0.20875 0.105 0.1675