21 0.065625 0.24444444444444444 0.065625 0.13333333333333333
21 0.2703125 0.32222222222222224 0.0734375 0.1388888888888889
21 0.1125 0.31805555555555554 0.078125 0.13055555555555556
21 0.7265625 0.9069444444444444 0.0828125 0.11944444444444445
21 0.64140625 0.8319444444444445 0.084375 0.12777777777777777
21 0.775 0.7513888888888889 0.0796875 0.125
21 0.81640625 0.6708333333333333 0.0734375 0.125
21 0.85625 0.5875 0.0765625 0.11944444444444445
21 0.9234375 0.3472222222222222 0.0609375 0.14722222222222223
21 0.8609375 0.3541666666666667 0.065625 0.125
21 0.8125 0.42916666666666664 0.08125 0.12222222222222222
21 0.67734375 0.7486111111111111 0.0765625 0.12222222222222222
21 0.72578125 0.6708333333333333 0.084375 0.11666666666666667
21 0.71875 0.5652777777777778 0.078125 0.125
21 0.76328125 0.5 0.0734375 0.1361111111111111
21 0.503125 0.8277777777777777 0.08125 0.11944444444444445
21 0.29296875 0.8180555555555555 0.0859375 0.11944444444444445
21 0.36484375 0.7430555555555556 0.0859375 0.125
21 0.4390625 0.6638888888888889 0.0828125 0.125
21 0.35546875 0.4875 0.08125 0.15555555555555556
21 0.2140625 0.5722222222222222 0.08125 0.13055555555555556
21 0.52890625 0.6666666666666666 0.0953125 0.13055555555555556
21 0.60625 0.5847222222222223 0.0921875 0.125
21 0.65078125 0.5027777777777778 0.08125 0.13333333333333333
21 0.8171875 0.26805555555555555 0.078125 0.11944444444444445
21 0.8609375 0.10972222222222222 0.065625 0.1361111111111111
21 0.75078125 0.2263888888888889 0.0703125 0.1388888888888889
21 0.68828125 0.3375 0.0859375 0.13055555555555556
21 0.6265625 0.25555555555555554 0.0875 0.12777777777777777
21 0.76875 0.3402777777777778 0.0859375 0.12777777777777777
21 0.678125 0.17916666666666667 0.0796875 0.125
21 0.71484375 0.09583333333333334 0.0765625 0.12222222222222222
21 0.578125 0.16805555555555557 0.0796875 0.125
21 0.59296875 0.4166666666666667 0.0828125 0.11666666666666667
21 0.52734375 0.3347222222222222 0.0859375 0.11666666666666667
21 0.47734375 0.24861111111111112 0.08125 0.12222222222222222
21 0.425 0.16527777777777777 0.084375 0.12222222222222222
21 0.3703125 0.24444444444444444 0.084375 0.11944444444444445