21 0.12421875 0.1111111111111111 0.0796875 0.11388888888888889
21 0.1 0.42777777777777776 0.078125 0.10833333333333334
21 0.16640625 0.04722222222222222 0.078125 0.09444444444444444
21 0.0984375 0.6666666666666666 0.078125 0.11388888888888889
21 0.05390625 0.7361111111111112 0.0734375 0.1111111111111111
21 0.0546875 0.9013888888888889 0.06875 0.12777777777777777
21 0.1671875 0.9055555555555556 0.078125 0.10833333333333334
21 0.2671875 0.9138888888888889 0.0734375 0.10833333333333334
21 0.85546875 0.06111111111111111 0.06875 0.12222222222222222
21 0.3953125 0.05416666666666667 0.075 0.1
21 0.4890625 0.05138888888888889 0.06875 0.10277777777777777
21 0.321875 0.10277777777777777 0.0828125 0.12777777777777777
21 0.5515625 0.1125 0.0765625 0.13055555555555556
21 0.6765625 0.05277777777777778 0.08125 0.10555555555555556
21 0.62734375 0.1125 0.084375 0.11666666666666667
21 0.7328125 0.12361111111111112 0.08125 0.11666666666666667
21 0.83515625 0.375 0.075 0.11944444444444445
21 0.81796875 0.1361111111111111 0.075 0.11666666666666667
21 0.7734375 0.2111111111111111 0.078125 0.1111111111111111
21 0.6828125 0.20277777777777778 0.084375 0.11944444444444445
21 0.521875 0.275 0.084375 0.11666666666666667
21 0.4359375 0.26805555555555555 0.0875 0.11944444444444445
21 0.3859375 0.19166666666666668 0.0828125 0.11666666666666667
21 0.321875 0.2652777777777778 0.0890625 0.12222222222222222
21 0.228125 0.43194444444444446 0.08125 0.11944444444444445
21 0.45546875 0.44027777777777777 0.0828125 0.11666666666666667
21 0.6921875 0.45 0.0734375 0.11666666666666667
21 0.78125 0.5361111111111111 0.0703125 0.125
21 0.42265625 0.6069444444444444 0.08125 0.11944444444444445
21 0.22734375 0.6597222222222222 0.065625 0.12777777777777777
21 0.47734375 0.6833333333333333 0.0796875 0.11666666666666667
21 0.71015625 0.6208333333333333 0.078125 0.12777777777777777
21 0.85625 0.8513888888888889 0.0609375 0.15
21 0.43984375 0.8458333333333333 0.0828125 0.12222222222222222
21 0.30234375 0.675 0.084375 0.11944444444444445
21 0.553125 0.675 0.075 0.13333333333333333
21 0.7671875 0.6916666666666667 0.078125 0.11944444444444445
21 0.85 0.5430555555555555 0.0703125 0.13055555555555556
21 0.84453125 0.6902777777777778 0.0765625 0.11388888888888889
21 0.51640625 0.8333333333333334 0.0734375 0.13055555555555556
21 0.69765625 0.925 0.0828125 0.1111111111111111
21 0.76015625 0.8444444444444444 0.078125 0.12222222222222222
21 0.5921875 0.8430555555555556 0.08125 0.12222222222222222
21 0.64296875 0.6888888888888889 0.0875 0.11944444444444445
21 0.6203125 0.9277777777777778 0.0859375 0.11388888888888889
21 0.79296875 0.9263888888888889 0.0734375 0.11666666666666667