21 0.08203125 0.4861111111111111 0.078125 0.1111111111111111
21 0.30234375 0.07777777777777778 0.0765625 0.13333333333333333
21 0.821875 0.8736111111111111 0.071875 0.10277777777777777
21 0.75078125 0.9041666666666667 0.08125 0.11388888888888889
21 0.846875 0.65 0.071875 0.11944444444444445
21 0.815625 0.75 0.0796875 0.12222222222222222
21 0.8796875 0.4361111111111111 0.0609375 0.14444444444444443
21 0.88671875 0.2638888888888889 0.065625 0.13333333333333333
21 0.8390625 0.3458333333333333 0.0765625 0.125
21 0.834375 0.1875 0.075 0.11388888888888889
21 0.80390625 0.5041666666666667 0.0703125 0.12222222222222222
21 0.7640625 0.5902777777777778 0.0859375 0.12222222222222222
21 0.76484375 0.2625 0.078125 0.13055555555555556
21 0.7484375 0.10972222222222222 0.0640625 0.13055555555555556
21 0.68671875 0.0625 0.0734375 0.125
21 0.74921875 0.375 0.0625 0.1361111111111111
21 0.265625 0.5805555555555556 0.078125 0.11944444444444445
21 0.53515625 0.9097222222222222 0.0828125 0.11666666666666667
21 0.53359375 0.7527777777777778 0.0890625 0.12777777777777777
21 0.68671875 0.175 0.0796875 0.12222222222222222
21 0.615625 0.16666666666666666 0.065625 0.15833333333333333
21 0.49765625 0.08333333333333333 0.0890625 0.12222222222222222
21 0.37890625 0.08055555555555556 0.084375 0.12222222222222222
21 0.54765625 0.16805555555555557 0.075 0.14444444444444443
21 0.4328125 0.1638888888888889 0.084375 0.125
21 0.71953125 0.5027777777777778 0.078125 0.12777777777777777
21 0.5953125 0.8263888888888888 0.0828125 0.11388888888888889
21 0.62890625 0.33194444444444443 0.084375 0.11666666666666667
21 0.61953125 0.5013888888888889 0.08125 0.12777777777777777
21 0.68125 0.4166666666666667 0.0796875 0.13055555555555556
21 0.54140625 0.41388888888888886 0.0859375 0.1361111111111111
21 0.5546875 0.5861111111111111 0.0890625 0.12777777777777777
21 0.46953125 0.5819444444444445 0.0859375 0.125
21 0.4140625 0.6583333333333333 0.090625 0.13055555555555556
21 0.40859375 0.49583333333333335 0.0890625 0.125
21 0.3546875 0.5777777777777777 0.0859375 0.11944444444444445
21 0.30390625 0.4111111111111111 0.0875 0.12777777777777777