21 0.1921875 0.8180555555555555 0.0796875 0.11666666666666667
21 0.88828125 0.44166666666666665 0.0734375 0.1361111111111111
21 0.3703125 0.9111111111111111 0.084375 0.11388888888888889
21 0.4265625 0.6791666666666667 0.0859375 0.11944444444444445
21 0.446875 0.5097222222222222 0.084375 0.12222222222222222
21 0.284375 0.3347222222222222 0.0859375 0.11666666666666667
21 0.7609375 0.7625 0.08125 0.12777777777777777
21 0.8546875 0.20833333333333334 0.0796875 0.11666666666666667
21 0.6828125 0.26944444444444443 0.084375 0.12777777777777777
21 0.5703125 0.1 0.090625 0.11944444444444445
21 0.41953125 0.09166666666666666 0.084375 0.125
21 0.7625 0.27361111111111114 0.0765625 0.12222222222222222
21 0.46328125 0.175 0.0859375 0.12222222222222222
21 0.640625 0.3472222222222222 0.084375 0.12222222222222222
21 0.8015625 0.35694444444444445 0.0765625 0.12222222222222222
21 0.75859375 0.44305555555555554 0.078125 0.11944444444444445
21 0.6625 0.5208333333333334 0.08125 0.11944444444444445
21 0.815625 0.8347222222222223 0.0765625 0.11666666666666667
21 0.515625 0.25972222222222224 0.0875 0.125
21 0.39375 0.3375 0.0859375 0.125
21 0.559375 0.34444444444444444 0.0796875 0.11944444444444445
21 0.50546875 0.42916666666666664 0.090625 0.125
21 0.54140625 0.7513888888888889 0.078125 0.125
21 0.6375 0.7625 0.0828125 0.12222222222222222
21 0.5828125 0.8375 0.090625 0.11944444444444445
21 0.5265625 0.9166666666666666 0.0796875 0.11388888888888889
21 0.8296875 0.05555555555555555 0.078125 0.1111111111111111