21 0.05546875 0.18333333333333332 0.071875 0.1388888888888889
21 0.18046875 0.33194444444444443 0.078125 0.11666666666666667
21 0.05078125 0.41388888888888886 0.0703125 0.125
21 0.4671875 0.09444444444444444 0.0875 0.11944444444444445
21 0.328125 0.5833333333333334 0.08125 0.14722222222222223
21 0.1328125 0.4097222222222222 0.078125 0.11944444444444445
21 0.06328125 0.5708333333333333 0.0765625 0.11388888888888889
21 0.04921875 0.8861111111111111 0.0578125 0.125
21 0.74375 0.11527777777777778 0.078125 0.11388888888888889
21 0.87109375 0.12777777777777777 0.071875 0.1111111111111111
21 0.62265625 0.1 0.0796875 0.11388888888888889
21 0.790625 0.2 0.0765625 0.11666666666666667
21 0.68671875 0.18888888888888888 0.078125 0.11666666666666667
21 0.51171875 0.1763888888888889 0.08125 0.11666666666666667
21 0.64140625 0.2652777777777778 0.0796875 0.125
21 0.55703125 0.25833333333333336 0.090625 0.12222222222222222
21 0.8453125 0.2777777777777778 0.0734375 0.125
21 0.7953125 0.3597222222222222 0.0796875 0.11944444444444445
21 0.64921875 0.41944444444444445 0.065625 0.1361111111111111
21 0.73125 0.4361111111111111 0.078125 0.11388888888888889
21 0.85 0.44027777777777777 0.0796875 0.11944444444444445
21 0.57734375 0.4305555555555556 0.0796875 0.12222222222222222
21 0.5265625 0.5138888888888888 0.084375 0.11944444444444445
21 0.47109375 0.5902777777777778 0.0859375 0.11666666666666667
21 0.37421875 0.7541666666666667 0.0828125 0.11944444444444445
21 0.68203125 0.5208333333333334 0.0796875 0.125
21 0.784375 0.5194444444444445 0.0765625 0.11388888888888889
21 0.8703125 0.6041666666666666 0.075 0.11666666666666667
21 0.73515625 0.5972222222222222 0.0734375 0.125
21 0.69921875 0.6833333333333333 0.075 0.11388888888888889
21 0.79453125 0.6833333333333333 0.0703125 0.11388888888888889
21 0.63203125 0.7611111111111111 0.08125 0.12777777777777777
21 0.8015625 0.8347222222222223 0.0734375 0.10555555555555556
21 0.85390625 0.7541666666666667 0.0609375 0.14166666666666666
21 0.8796875 0.9097222222222222 0.0703125 0.13055555555555556
21 0.575 0.8388888888888889 0.078125 0.11944444444444445
21 0.73671875 0.9111111111111111 0.075 0.10833333333333334
21 0.52734375 0.9138888888888889 0.0828125 0.11666666666666667
21 0.5015625 0.8166666666666667 0.0796875 0.14444444444444443