21 0.21484375 0.06111111111111111 0.0828125 0.11666666666666667
21 0.8609375 0.9125 0.075 0.14444444444444443
21 0.87421875 0.5166666666666667 0.084375 0.12777777777777777
21 0.83125 0.6722222222222223 0.078125 0.12222222222222222
21 0.759375 0.8333333333333334 0.0875 0.125
21 0.65703125 0.9097222222222222 0.0859375 0.1388888888888889
21 0.575 0.9027777777777778 0.084375 0.11944444444444445
21 0.25703125 0.7166666666666667 0.0890625 0.13333333333333333
21 0.7265625 0.7486111111111111 0.0921875 0.12777777777777777
21 0.7359375 0.5861111111111111 0.0671875 0.15
21 0.67578125 0.6625 0.0859375 0.13055555555555556
21 0.63125 0.7430555555555556 0.0875 0.11944444444444445
21 0.55234375 0.7347222222222223 0.084375 0.1361111111111111
21 0.465625 0.7347222222222223 0.09375 0.125
21 0.440625 0.6333333333333333 0.08125 0.125
21 0.3640625 0.6333333333333333 0.0890625 0.13055555555555556
21 0.81875 0.42916666666666664 0.084375 0.13055555555555556
21 0.81640625 0.30972222222222223 0.08125 0.12777777777777777
21 0.840625 0.1125 0.0640625 0.15555555555555556
21 0.77421875 0.09722222222222222 0.0734375 0.13333333333333333
21 0.70546875 0.09722222222222222 0.0734375 0.11666666666666667
21 0.7453125 0.25 0.0703125 0.15833333333333333
21 0.74609375 0.4263888888888889 0.0703125 0.16944444444444445
21 0.6875 0.49583333333333335 0.0796875 0.1361111111111111
21 0.60234375 0.5791666666666667 0.0875 0.12222222222222222
21 0.521875 0.5777777777777777 0.0828125 0.1527777777777778
21 0.69296875 0.325 0.0703125 0.16666666666666666
21 0.63828125 0.3888888888888889 0.0671875 0.16666666666666666
21 0.55859375 0.4013888888888889 0.0984375 0.13333333333333333
21 0.48984375 0.4791666666666667 0.090625 0.13055555555555556
21 0.41953125 0.4625 0.0703125 0.1361111111111111
21 0.49296875 0.3486111111111111 0.0875 0.12777777777777777
21 0.65234375 0.1638888888888889 0.09375 0.125
21 0.5796875 0.21944444444444444 0.0703125 0.15833333333333333
21 0.50703125 0.23194444444444445 0.0875 0.12222222222222222
21 0.42578125 0.30694444444444446 0.0875 0.1388888888888889
21 0.3375 0.3888888888888889 0.090625 0.13055555555555556
21 0.24375 0.38055555555555554 0.0859375 0.13055555555555556
21 0.64140625 0.05694444444444444 0.08125 0.11388888888888889
21 0.56640625 0.07777777777777778 0.0859375 0.12222222222222222
21 0.503125 0.10416666666666667 0.071875 0.15
21 0.4359375 0.15 0.0828125 0.12222222222222222
21 0.43046875 0.04861111111111111 0.0953125 0.09722222222222222
21 0.35546875 0.06805555555555555 0.078125 0.1361111111111111
21 0.2875 0.21805555555555556 0.0921875 0.13333333333333333
21 0.20234375 0.2152777777777778 0.0859375 0.12222222222222222
21 0.3671875 0.21388888888888888 0.06875 0.16111111111111112
21 0.47578125 0.95 0.0875 0.1
21 0.2828125 0.4736111111111111 0.08125 0.13055555555555556