21 0.0578125 0.9111111111111111 0.0734375 0.11944444444444445
21 0.05859375 0.8 0.0703125 0.11944444444444445
21 0.915625 0.8458333333333333 0.0671875 0.125
21 0.88203125 0.5388888888888889 0.071875 0.14166666666666666
21 0.896875 0.21805555555555556 0.0734375 0.13055555555555556
21 0.9109375 0.06805555555555555 0.0671875 0.1361111111111111
21 0.7984375 0.13472222222222222 0.0828125 0.12777777777777777
21 0.74921875 0.20277777777777778 0.0875 0.125
21 0.678125 0.28194444444444444 0.084375 0.12222222222222222
21 0.83984375 0.9236111111111112 0.0765625 0.1111111111111111
21 0.7484375 0.8513888888888889 0.0796875 0.12222222222222222
21 0.79140625 0.7708333333333334 0.078125 0.11944444444444445
21 0.70234375 0.9333333333333333 0.0765625 0.11944444444444445
21 0.6078125 0.9402777777777778 0.0703125 0.11944444444444445
21 0.65703125 0.85 0.078125 0.11388888888888889
21 0.58125 0.8486111111111111 0.08125 0.12222222222222222
21 0.39921875 0.9222222222222223 0.06875 0.13055555555555556
21 0.37109375 0.6861111111111111 0.0796875 0.12222222222222222
21 0.325 0.5194444444444445 0.0875 0.125
21 0.82734375 0.6180555555555556 0.075 0.12777777777777777
21 0.78515625 0.5375 0.0765625 0.13333333333333333
21 0.7328125 0.6180555555555556 0.0765625 0.125
21 0.67578125 0.6930555555555555 0.0796875 0.125
21 0.5984375 0.6916666666666667 0.08125 0.125
21 0.51953125 0.6944444444444444 0.0859375 0.12222222222222222
21 0.63828125 0.6027777777777777 0.0703125 0.13333333333333333
21 0.69375 0.5305555555555556 0.078125 0.12777777777777777
21 0.853125 0.375 0.0703125 0.11944444444444445
21 0.8125 0.2916666666666667 0.08125 0.12222222222222222
21 0.77109375 0.41388888888888886 0.071875 0.14722222222222223
21 0.71328125 0.38055555555555554 0.0625 0.14444444444444443
21 0.65546875 0.4375 0.0703125 0.14166666666666666
21 0.5921875 0.5263888888888889 0.08125 0.12222222222222222
21 0.54453125 0.44305555555555554 0.084375 0.12777777777777777
21 0.60078125 0.3625 0.0875 0.12222222222222222
21 0.55703125 0.2722222222222222 0.0875 0.125
21 0.68203125 0.12083333333333333 0.08125 0.11666666666666667
21 0.59140625 0.11527777777777778 0.084375 0.12222222222222222
21 0.5015625 0.18611111111111112 0.08125 0.11944444444444445
21 0.39921875 0.26944444444444443 0.090625 0.13055555555555556
21 0.4171875 0.10972222222222222 0.0859375 0.12222222222222222
21 0.35234375 0.18472222222222223 0.08125 0.125
21 0.29375 0.04027777777777778 0.075 0.08055555555555556
21 0.46796875 0.041666666666666664 0.0796875 0.08333333333333333
21 0.55078125 0.03611111111111111 0.0828125 0.07222222222222222
21 0.63984375 0.04583333333333333 0.08125 0.09166666666666666
21 0.753125 0.05 0.078125 0.1
21 0.84296875 0.0625 0.071875 0.125