21 0.046875 0.625 0.071875 0.13055555555555556
21 0.10390625 0.7847222222222222 0.078125 0.1111111111111111
21 0.05390625 0.8597222222222223 0.0671875 0.12777777777777777
21 0.2359375 0.8736111111111111 0.0734375 0.13055555555555556
21 0.225 0.55 0.08125 0.11944444444444445
21 0.27890625 0.3888888888888889 0.08125 0.12222222222222222
21 0.25625 0.22083333333333333 0.0859375 0.12777777777777777
21 0.39453125 0.1486111111111111 0.0875 0.12222222222222222
21 0.51640625 0.06944444444444445 0.08125 0.1111111111111111
21 0.55625 0.3972222222222222 0.0796875 0.12222222222222222
21 0.7 0.4027777777777778 0.078125 0.13055555555555556
21 0.4609375 0.2125 0.0703125 0.14166666666666666
21 0.55859375 0.15 0.08125 0.12777777777777777
21 0.6203125 0.07361111111111111 0.0859375 0.11944444444444445
21 0.61015625 0.23194444444444445 0.08125 0.125
21 0.646875 0.5638888888888889 0.08125 0.11666666666666667
21 0.59765625 0.65 0.0859375 0.12222222222222222
21 0.5484375 0.8111111111111111 0.0765625 0.12777777777777777
21 0.65546875 0.8125 0.08125 0.12222222222222222
21 0.6046875 0.8888888888888888 0.0828125 0.11388888888888889
21 0.8625 0.09861111111111111 0.0703125 0.1111111111111111
21 0.8984375 0.2569444444444444 0.071875 0.11666666666666667
21 0.84296875 0.3333333333333333 0.078125 0.12222222222222222
21 0.86171875 0.49583333333333335 0.071875 0.1111111111111111
21 0.8234375 0.5680555555555555 0.0796875 0.10833333333333334
21 0.76484375 0.6513888888888889 0.08125 0.11388888888888889
21 0.87421875 0.6513888888888889 0.0734375 0.11666666666666667
21 0.765625 0.4875 0.071875 0.12222222222222222
21 0.72109375 0.5694444444444444 0.0796875 0.11666666666666667
21 0.75234375 0.8097222222222222 0.0796875 0.11388888888888889
21 0.80390625 0.7319444444444444 0.075 0.11388888888888889
21 0.796875 0.8847222222222222 0.078125 0.1111111111111111
21 0.88203125 0.9458333333333333 0.0703125 0.10833333333333334
21 0.7 0.8902777777777777 0.08125 0.12222222222222222
21 0.69375 0.2513888888888889 0.06875 0.125
21 0.6671875 0.15138888888888888 0.0796875 0.125
21 0.8 0.13333333333333333 0.0640625 0.1361111111111111
21 0.79609375 0.24166666666666667 0.075 0.10833333333333334
21 0.76171875 0.3375 0.0671875 0.1388888888888889
21 0.740625 0.15694444444444444 0.065625 0.14166666666666666
21 0.85234375 0.8027777777777778 0.078125 0.10833333333333334
21 0.74921875 0.95 0.0734375 0.09166666666666666
21 0.30546875 0.95 0.0796875 0.1