21 0.16640625 0.06805555555555555 0.078125 0.125
21 0.18046875 0.23055555555555557 0.08125 0.13055555555555556
21 0.21640625 0.4638888888888889 0.0828125 0.12222222222222222
21 0.19609375 0.725 0.0828125 0.11944444444444445
21 0.7265625 0.9194444444444444 0.0703125 0.14444444444444443
21 0.8296875 0.7652777777777777 0.065625 0.14444444444444443
21 0.8765625 0.6152777777777778 0.071875 0.14444444444444443
21 0.88046875 0.21666666666666667 0.059375 0.14166666666666666
21 0.88203125 0.45 0.0796875 0.125
21 0.89296875 0.34444444444444444 0.078125 0.125
21 0.82109375 0.3611111111111111 0.0796875 0.13333333333333333
21 0.815625 0.1986111111111111 0.0765625 0.13055555555555556
21 0.740625 0.19722222222222222 0.075 0.14166666666666666
21 0.84140625 0.5361111111111111 0.065625 0.125
21 0.790625 0.5875 0.0625 0.1361111111111111
21 0.76171875 0.7611111111111111 0.075 0.125
21 0.69140625 0.7680555555555556 0.075 0.11388888888888889
21 0.6359375 0.8458333333333333 0.09375 0.12222222222222222
21 0.56328125 0.9013888888888889 0.0671875 0.14444444444444443
21 0.48984375 0.9152777777777777 0.084375 0.125
21 0.3515625 0.8958333333333334 0.0671875 0.14444444444444443
21 0.271875 0.8930555555555556 0.0921875 0.12222222222222222
21 0.18828125 0.8847222222222222 0.084375 0.12222222222222222
21 0.77578125 0.4444444444444444 0.0828125 0.14166666666666666
21 0.73359375 0.5361111111111111 0.0625 0.15555555555555556
21 0.70234375 0.6555555555555556 0.0859375 0.12777777777777777
21 0.66796875 0.5208333333333334 0.0765625 0.14444444444444443
21 0.69375 0.4166666666666667 0.09375 0.13055555555555556
21 0.74453125 0.33194444444444443 0.08125 0.11666666666666667
21 0.840625 0.05555555555555555 0.078125 0.10555555555555556
21 0.765625 0.05277777777777778 0.06875 0.10555555555555556
21 0.69296875 0.10416666666666667 0.0953125 0.13055555555555556
21 0.684375 0.2791666666666667 0.0640625 0.15555555555555556
21 0.621875 0.2972222222222222 0.06875 0.1527777777777778
21 0.6265625 0.1625 0.071875 0.14444444444444443
21 0.56484375 0.09305555555555556 0.0890625 0.125
21 0.51484375 0.16944444444444445 0.078125 0.125
21 0.43984375 0.2111111111111111 0.090625 0.125
21 0.5609375 0.2513888888888889 0.075 0.11944444444444445
21 0.48515625 0.30416666666666664 0.0921875 0.11944444444444445
21 0.4171875 0.37222222222222223 0.075 0.1638888888888889
21 0.346875 0.38333333333333336 0.06875 0.15555555555555556
21 0.3671875 0.24305555555555555 0.08125 0.13055555555555556
21 0.28671875 0.24166666666666667 0.08125 0.11944444444444445
21 0.37109375 0.125 0.090625 0.12222222222222222
21 0.2828125 0.12777777777777777 0.0890625 0.12222222222222222
21 0.465625 0.09027777777777778 0.075 0.11666666666666667
21 0.23515625 0.06527777777777778 0.0671875 0.125
21 0.62734375 0.7291666666666666 0.0828125 0.1388888888888889
21 0.628125 0.6 0.065625 0.13333333333333333
21 0.615625 0.42777777777777776 0.0734375 0.12222222222222222
21 0.5546875 0.3638888888888889 0.0796875 0.12777777777777777
21 0.48671875 0.4111111111111111 0.078125 0.11944444444444445
21 0.56875 0.6375 0.075 0.16111111111111112
21 0.54921875 0.7541666666666667 0.0859375 0.125
21 0.484375 0.7888888888888889 0.0734375 0.1527777777777778
21 0.41796875 0.8291666666666667 0.08125 0.12222222222222222
21 0.4125 0.7180555555555556 0.09375 0.1361111111111111
21 0.3375 0.7444444444444445 0.0796875 0.15
21 0.35859375 0.6194444444444445 0.0703125 0.15833333333333333
21 0.28203125 0.65 0.08125 0.12222222222222222
21 0.23046875 0.5638888888888889 0.08125 0.11944444444444445
21 0.56484375 0.5027777777777778 0.0875 0.1388888888888889
21 0.503125 0.5416666666666666 0.0734375 0.14166666666666666
21 0.4328125 0.5805555555555556 0.084375 0.13333333333333333
21 0.3828125 0.4888888888888889 0.084375 0.125
21 0.49140625 0.6652777777777777 0.09375 0.13333333333333333
21 0.30078125 0.5055555555555555 0.0796875 0.14444444444444443
21 0.28125 0.3888888888888889 0.0734375 0.12777777777777777
21 0.23359375 0.3125 0.08125 0.11944444444444445