21 0.88671875 0.8472222222222222 0.06875 0.13333333333333333
21 0.85 0.6138888888888889 0.0609375 0.12777777777777777
21 0.84609375 0.49027777777777776 0.071875 0.1361111111111111
21 0.8421875 0.37777777777777777 0.084375 0.13055555555555556
21 0.83046875 0.2222222222222222 0.0796875 0.12777777777777777
21 0.85 0.07222222222222222 0.0703125 0.12222222222222222
21 0.79140625 0.1361111111111111 0.06875 0.14444444444444443
21 0.73359375 0.19722222222222222 0.0671875 0.14166666666666666
21 0.6828125 0.2916666666666667 0.0765625 0.12222222222222222
21 0.58359375 0.2861111111111111 0.090625 0.13055555555555556
21 0.6390625 0.2013888888888889 0.0921875 0.12777777777777777
21 0.65859375 0.05277777777777778 0.078125 0.10555555555555556
21 0.5828125 0.12222222222222222 0.0796875 0.12777777777777777
21 0.521875 0.19583333333333333 0.084375 0.12222222222222222
21 0.321875 0.5277777777777778 0.0890625 0.12222222222222222
21 0.27734375 0.44027777777777777 0.0859375 0.13055555555555556
21 0.815625 0.8527777777777777 0.0796875 0.10555555555555556
21 0.77109375 0.7791666666666667 0.0765625 0.11944444444444445
21 0.7296875 0.8569444444444444 0.0796875 0.11388888888888889
21 0.6859375 0.7777777777777778 0.0828125 0.125
21 0.6171875 0.8569444444444444 0.0796875 0.11944444444444445
21 0.64765625 0.6972222222222222 0.0859375 0.12777777777777777
21 0.5703125 0.6944444444444444 0.078125 0.12222222222222222
21 0.4953125 0.6902777777777778 0.084375 0.12777777777777777
21 0.378125 0.8472222222222222 0.0828125 0.11388888888888889
21 0.8125 0.7013888888888888 0.078125 0.12222222222222222
21 0.753125 0.6194444444444445 0.08125 0.13055555555555556
21 0.790625 0.5388888888888889 0.0671875 0.11944444444444445
21 0.775 0.4361111111111111 0.071875 0.13055555555555556
21 0.7875 0.3 0.08125 0.12222222222222222
21 0.7265625 0.3680555555555556 0.084375 0.11944444444444445
21 0.70546875 0.5416666666666666 0.0734375 0.11944444444444445
21 0.73359375 0.058333333333333334 0.078125 0.11666666666666667
21 0.47890625 0.05138888888888889 0.0875 0.10277777777777777
21 0.67421875 0.45 0.0828125 0.125
21 0.63203125 0.5361111111111111 0.0734375 0.15555555555555556
21 0.553125 0.5388888888888889 0.084375 0.125
21 0.5234375 0.44722222222222224 0.0828125 0.11944444444444445