21 0.62421875 0.95 0.084375 0.1
21 0.55078125 0.7930555555555555 0.0875 0.125
21 0.30234375 0.8513888888888889 0.075 0.15
21 0.465625 0.7027777777777777 0.090625 0.125
21 0.96171875 0.4111111111111111 0.0671875 0.14444444444444443
21 0.92421875 0.3263888888888889 0.0640625 0.15555555555555556
21 0.93515625 0.18472222222222223 0.075 0.125
21 0.88359375 0.24583333333333332 0.08125 0.125
21 0.86953125 0.125 0.08125 0.125
21 0.8015625 0.1486111111111111 0.065625 0.1527777777777778
21 0.73203125 0.13055555555555556 0.0828125 0.13333333333333333
21 0.70625 0.23333333333333334 0.06875 0.14444444444444443
21 0.86875 0.4083333333333333 0.0796875 0.125
21 0.82265625 0.3055555555555556 0.0765625 0.15
21 0.76796875 0.2569444444444444 0.0671875 0.15
21 0.77734375 0.5597222222222222 0.0765625 0.1361111111111111
21 0.7703125 0.3972222222222222 0.084375 0.13055555555555556
21 0.70703125 0.4638888888888889 0.0671875 0.1527777777777778
21 0.703125 0.6277777777777778 0.06875 0.1527777777777778
21 0.64453125 0.5472222222222223 0.0828125 0.11388888888888889
21 0.5890625 0.625 0.084375 0.125
21 0.52421875 0.5416666666666666 0.096875 0.12222222222222222
21 0.39453125 0.6138888888888889 0.0859375 0.12222222222222222
21 0.30859375 0.6055555555555555 0.0828125 0.14444444444444443
21 0.25625 0.6847222222222222 0.090625 0.12222222222222222
21 0.1703125 0.6763888888888889 0.0828125 0.125
21 0.1328125 0.5097222222222222 0.0828125 0.11666666666666667
21 0.05703125 0.5013888888888889 0.065625 0.15555555555555556
21 0.57734375 0.46944444444444444 0.0921875 0.13055555555555556
21 0.64140625 0.3888888888888889 0.0859375 0.12222222222222222
21 0.646875 0.2569444444444444 0.071875 0.16666666666666666
21 0.61015625 0.13055555555555556 0.084375 0.11944444444444445
21 0.62734375 0.04722222222222222 0.0890625 0.09444444444444444
21 0.55078125 0.05416666666666667 0.08125 0.10833333333333334
21 0.5109375 0.15 0.09375 0.13333333333333333
21 0.4703125 0.05555555555555555 0.078125 0.10833333333333334
21 0.57109375 0.34444444444444444 0.084375 0.1361111111111111
21 0.57578125 0.22083333333333333 0.075 0.12777777777777777
21 0.50859375 0.2638888888888889 0.075 0.11666666666666667
21 0.43984375 0.2875 0.0765625 0.15833333333333333
21 0.4546875 0.45555555555555555 0.0875 0.11944444444444445
21 0.5078125 0.3861111111111111 0.0765625 0.14166666666666666
21 0.38984375 0.35833333333333334 0.08125 0.1527777777777778
21 0.43046875 0.14305555555555555 0.075 0.14722222222222223
21 0.37421875 0.20277777777777778 0.0703125 0.1527777777777778
21 0.37265625 0.06805555555555555 0.075 0.13333333333333333
21 0.29765625 0.05277777777777778 0.090625 0.10555555555555556
21 0.32421875 0.27361111111111114 0.0859375 0.12222222222222222
21 0.2765625 0.37083333333333335 0.084375 0.14166666666666666
21 0.20390625 0.4263888888888889 0.075 0.12777777777777777
21 0.34140625 0.44305555555555554 0.0890625 0.11944444444444445
21 0.24375 0.5180555555555556 0.0890625 0.11944444444444445
21 0.16171875 0.32916666666666666 0.065625 0.16944444444444445
21 0.096875 0.3486111111111111 0.0765625 0.12222222222222222
21 0.05859375 0.2652777777777778 0.075 0.12222222222222222
21 0.20390625 0.18055555555555555 0.08125 0.125
21 0.09609375 0.10138888888888889 0.078125 0.125
21 0.278125 0.1597222222222222 0.0890625 0.14444444444444443
21 0.24296875 0.2763888888888889 0.0875 0.13055555555555556
21 0.128125 0.19305555555555556 0.0828125 0.125
21 0.21875 0.06805555555555555 0.065625 0.12222222222222222
21 0.1578125 0.04722222222222222 0.071875 0.09444444444444444