21 0.3734375 0.39861111111111114 0.0734375 0.1388888888888889
21 0.875 0.5041666666666667 0.0734375 0.11388888888888889
21 0.134375 0.475 0.08125 0.1111111111111111
21 0.790625 0.6583333333333333 0.075 0.11666666666666667
21 0.834375 0.2513888888888889 0.0703125 0.1527777777777778
21 0.7640625 0.3347222222222222 0.0859375 0.125
21 0.78125 0.17777777777777778 0.075 0.11944444444444445
21 0.6828125 0.6597222222222222 0.0890625 0.12777777777777777
21 0.83828125 0.8916666666666667 0.0734375 0.1111111111111111
21 0.821875 0.7416666666666667 0.078125 0.12222222222222222
21 0.778125 0.5 0.078125 0.11388888888888889
21 0.6765625 0.09027777777777778 0.0875 0.11944444444444445
21 0.58203125 0.1638888888888889 0.0875 0.11944444444444445
21 0.453125 0.15416666666666667 0.0796875 0.11944444444444445
21 0.371875 0.15416666666666667 0.0859375 0.125
21 0.31640625 0.23055555555555557 0.0859375 0.11944444444444445
21 0.73125 0.8972222222222223 0.08125 0.11944444444444445
21 0.74140625 0.7305555555555555 0.0640625 0.14722222222222223
21 0.6375 0.8972222222222223 0.0875 0.11944444444444445
21 0.05234375 0.1625 0.071875 0.1388888888888889
21 0.18203125 0.1527777777777778 0.0828125 0.11666666666666667
21 0.11171875 0.2361111111111111 0.075 0.11388888888888889
21 0.0875 0.6347222222222222 0.075 0.13055555555555556
21 0.528125 0.2388888888888889 0.084375 0.12222222222222222
21 0.23671875 0.3138888888888889 0.084375 0.12222222222222222
21 0.453125 0.4861111111111111 0.0875 0.12222222222222222
21 0.39296875 0.5694444444444444 0.0875 0.12777777777777777
21 0.3375 0.6472222222222223 0.0828125 0.12222222222222222
21 0.228125 0.45555555555555555 0.078125 0.125
21 0.1796875 0.7222222222222222 0.06875 0.14166666666666666
21 0.63125 0.7361111111111112 0.0796875 0.13055555555555556
21 0.575 0.8180555555555555 0.0890625 0.11944444444444445
21 0.5296875 0.5722222222222222 0.08125 0.11666666666666667
21 0.5296875 0.7375 0.0875 0.12777777777777777
21 0.47734375 0.8930555555555556 0.0796875 0.11666666666666667
21 0.37578125 0.8125 0.0859375 0.11666666666666667
21 0.26328125 0.8055555555555556 0.0796875 0.12222222222222222
21 0.3328125 0.9555555555555556 0.0828125 0.08888888888888889
21 0.415625 0.9597222222222223 0.084375 0.08055555555555556
21 0.5828125 0.9597222222222223 0.084375 0.08055555555555556
21 0.796875 0.9569444444444445 0.0796875 0.08611111111111111
21 0.67421875 0.9583333333333334 0.0875 0.08333333333333333
21 0.22265625 0.5611111111111111 0.0875 0.125