21 0.21484375 0.18194444444444444 0.071875 0.11666666666666667
21 0.28671875 0.18055555555555555 0.078125 0.11944444444444445
21 0.34609375 0.10416666666666667 0.0890625 0.12777777777777777
21 0.4234375 0.18194444444444444 0.084375 0.12222222222222222
21 0.41484375 0.35 0.0890625 0.125
21 0.3296875 0.2708333333333333 0.084375 0.12222222222222222
21 0.09296875 0.5888888888888889 0.0796875 0.11666666666666667
21 0.30546875 0.5152777777777777 0.08125 0.11944444444444445
21 0.27421875 0.7625 0.078125 0.12222222222222222
21 0.128125 0.9055555555555556 0.0734375 0.11388888888888889
21 0.325 0.9263888888888889 0.0828125 0.11944444444444445
21 0.40625 0.9277777777777778 0.084375 0.11388888888888889
21 0.4578125 0.5208333333333334 0.0890625 0.125
21 0.54296875 0.5236111111111111 0.084375 0.11666666666666667
21 0.60546875 0.44722222222222224 0.084375 0.12777777777777777
21 0.5953125 0.2763888888888889 0.090625 0.11666666666666667
21 0.640625 0.12083333333333333 0.084375 0.11944444444444445
21 0.72578125 0.13194444444444445 0.0765625 0.12777777777777777
21 0.69765625 0.05 0.0796875 0.09166666666666666
21 0.7984375 0.05555555555555555 0.0765625 0.10833333333333334
21 0.84296875 0.1375 0.084375 0.11944444444444445
21 0.8828125 0.06666666666666667 0.0734375 0.13333333333333333
21 0.70703125 0.28055555555555556 0.0875 0.11944444444444445
21 0.76796875 0.36527777777777776 0.075 0.13055555555555556
21 0.83125 0.29305555555555557 0.08125 0.125
21 0.87734375 0.4625 0.0671875 0.14444444444444443
21 0.8234375 0.5333333333333333 0.075 0.12777777777777777
21 0.88359375 0.6152777777777778 0.071875 0.13055555555555556
21 0.74375 0.5291666666666667 0.0796875 0.11944444444444445
21 0.65078125 0.5277777777777778 0.0734375 0.11388888888888889
21 0.690625 0.6138888888888889 0.08125 0.11944444444444445
21 0.6046875 0.6138888888888889 0.084375 0.12222222222222222
21 0.790625 0.6208333333333333 0.08125 0.12222222222222222
21 0.84375 0.6958333333333333 0.0828125 0.11388888888888889
21 0.90078125 0.7722222222222223 0.0734375 0.11666666666666667
21 0.4890625 0.7694444444444445 0.0890625 0.11388888888888889
21 0.6015625 0.775 0.08125 0.125
21 0.75 0.7722222222222223 0.084375 0.1111111111111111
21 0.69765625 0.8513888888888889 0.078125 0.11388888888888889
21 0.8453125 0.9222222222222223 0.0765625 0.10833333333333334
21 0.5546875 0.9111111111111111 0.0859375 0.11944444444444445
21 0.5875 0.041666666666666664 0.090625 0.08333333333333333
21 0.184375 0.041666666666666664 0.0828125 0.08333333333333333