21 0.0453125 0.40555555555555556 0.0671875 0.15555555555555556
21 0.228125 0.30972222222222223 0.0765625 0.14166666666666666
21 0.13828125 0.3958333333333333 0.0703125 0.13055555555555556
21 0.04765625 0.7180555555555556 0.0671875 0.1361111111111111
21 0.17578125 0.7236111111111111 0.0828125 0.11944444444444445
21 0.34609375 0.31805555555555554 0.084375 0.11944444444444445
21 0.41640625 0.15416666666666667 0.0890625 0.11944444444444445
21 0.5421875 0.1597222222222222 0.0828125 0.12222222222222222
21 0.71484375 0.16944444444444445 0.0890625 0.13055555555555556
21 0.125 0.7930555555555555 0.084375 0.125
21 0.05546875 0.8708333333333333 0.0703125 0.125
21 0.9453125 0.4388888888888889 0.059375 0.1388888888888889
21 0.8984375 0.5069444444444444 0.071875 0.125
21 0.853125 0.3388888888888889 0.071875 0.125
21 0.7765625 0.25972222222222224 0.075 0.12222222222222222
21 0.81796875 0.10833333333333334 0.075 0.11666666666666667
21 0.7265625 0.3347222222222222 0.0828125 0.11666666666666667
21 0.60078125 0.3236111111111111 0.0890625 0.12777777777777777
21 0.50390625 0.3 0.0859375 0.1361111111111111
21 0.4265625 0.32083333333333336 0.0796875 0.11666666666666667
21 0.64921875 0.4125 0.0796875 0.11666666666666667
21 0.821875 0.41944444444444445 0.075 0.11388888888888889
21 0.778125 0.5 0.078125 0.11388888888888889
21 0.70078125 0.49583333333333335 0.08125 0.12222222222222222
21 0.46875 0.4041666666666667 0.084375 0.11944444444444445
21 0.41953125 0.05277777777777778 0.08125 0.10555555555555556
21 0.26015625 0.8013888888888889 0.08125 0.13055555555555556
21 0.4515625 0.6569444444444444 0.0859375 0.11388888888888889
21 0.51796875 0.49444444444444446 0.0890625 0.11666666666666667
21 0.72578125 0.6388888888888888 0.084375 0.11944444444444445
21 0.5984375 0.49583333333333335 0.078125 0.12222222222222222
21 0.81328125 0.6347222222222222 0.078125 0.13055555555555556
21 0.628125 0.7430555555555556 0.08125 0.11666666666666667
21 0.8671875 0.6736111111111112 0.059375 0.15555555555555556
21 0.709375 0.7458333333333333 0.0828125 0.11388888888888889
21 0.8046875 0.7458333333333333 0.0796875 0.11388888888888889
21 0.76015625 0.8194444444444444 0.0796875 0.11666666666666667
21 0.85390625 0.8208333333333333 0.0734375 0.11666666666666667
21 0.7 0.8986111111111111 0.078125 0.11388888888888889
21 0.828125 0.9583333333333334 0.0796875 0.08333333333333333
21 0.62265625 0.9 0.0796875 0.11388888888888889
21 0.48359375 0.8972222222222223 0.0828125 0.11666666666666667
21 0.625 0.16527777777777777 0.0828125 0.11666666666666667