21 0.2515625 0.33611111111111114 0.0859375 0.11944444444444445
21 0.35703125 0.34444444444444444 0.084375 0.11944444444444445
21 0.87890625 0.36527777777777776 0.078125 0.11666666666666667
21 0.125 0.8152777777777778 0.084375 0.12222222222222222
21 0.28828125 0.8319444444444445 0.071875 0.13333333333333333
21 0.225 0.9 0.06875 0.125
21 0.6421875 0.8166666666666667 0.0765625 0.12222222222222222
21 0.84140625 0.6861111111111111 0.071875 0.12222222222222222
21 0.8515625 0.5263888888888889 0.0796875 0.11666666666666667
21 0.878125 0.13333333333333333 0.06875 0.12222222222222222
21 0.84765625 0.20972222222222223 0.075 0.13055555555555556
21 0.80234375 0.28194444444444444 0.084375 0.12222222222222222
21 0.76015625 0.1986111111111111 0.078125 0.11944444444444445
21 0.80859375 0.44166666666666665 0.078125 0.11944444444444445
21 0.7609375 0.35694444444444445 0.0796875 0.12222222222222222
21 0.6828125 0.3527777777777778 0.08125 0.12222222222222222
21 0.60390625 0.35 0.084375 0.125
21 0.6265625 0.18888888888888888 0.0890625 0.12222222222222222
21 0.55859375 0.26666666666666666 0.0921875 0.125
21 0.49453125 0.17916666666666667 0.084375 0.11666666666666667
21 0.66171875 0.04583333333333333 0.0828125 0.09166666666666666
21 0.509375 0.35 0.08125 0.13055555555555556
21 0.4609375 0.42777777777777776 0.08125 0.11944444444444445
21 0.4703125 0.5944444444444444 0.0875 0.125
21 0.4203125 0.5125 0.0859375 0.11944444444444445
21 0.7953125 0.7611111111111111 0.078125 0.11666666666666667
21 0.79765625 0.6055555555555555 0.0796875 0.11944444444444445
21 0.7453125 0.6861111111111111 0.0796875 0.125
21 0.7 0.7638888888888888 0.084375 0.11944444444444445
21 0.65 0.6805555555555556 0.0875 0.11666666666666667
21 0.71328125 0.5138888888888888 0.06875 0.14722222222222223
21 0.6453125 0.5138888888888888 0.0734375 0.12777777777777777
21 0.59765625 0.6 0.084375 0.12222222222222222
21 0.55 0.5166666666666667 0.0859375 0.11944444444444445
21 0.64140625 0.9236111111111112 0.08125 0.1111111111111111
21 0.57265625 0.8388888888888889 0.0796875 0.11666666666666667
21 0.52890625 0.7597222222222222 0.084375 0.125
21 0.446875 0.8361111111111111 0.084375 0.11944444444444445