21 0.05625 0.11666666666666667 0.0703125 0.14166666666666666
21 0.303125 0.10277777777777777 0.0796875 0.12222222222222222
21 0.515625 0.10694444444444444 0.084375 0.11666666666666667
21 0.11484375 0.18472222222222223 0.078125 0.11944444444444445
21 0.43203125 0.1875 0.0859375 0.125
21 0.19296875 0.18333333333333332 0.0796875 0.11944444444444445
21 0.275 0.3416666666666667 0.0734375 0.14166666666666666
21 0.046875 0.5861111111111111 0.06875 0.14444444444444443
21 0.90703125 0.06944444444444445 0.06875 0.125
21 0.83671875 0.06111111111111111 0.0796875 0.11388888888888889
21 0.74609375 0.05416666666666667 0.0640625 0.10833333333333334
21 0.66953125 0.05138888888888889 0.084375 0.10277777777777777
21 0.5734375 0.04583333333333333 0.0890625 0.09166666666666666
21 0.78125 0.13194444444444445 0.075 0.11388888888888889
21 0.65625 0.19722222222222222 0.0796875 0.11388888888888889
21 0.8421875 0.1875 0.0734375 0.12777777777777777
21 0.825 0.2972222222222222 0.090625 0.13055555555555556
21 0.60390625 0.275 0.0828125 0.125
21 0.703125 0.2791666666666667 0.075 0.125
21 0.5109375 0.2722222222222222 0.0859375 0.12222222222222222
21 0.46171875 0.3527777777777778 0.0828125 0.125
21 0.0984375 0.6652777777777777 0.08125 0.1111111111111111
21 0.3640625 0.5986111111111111 0.0796875 0.12222222222222222
21 0.1984375 0.7611111111111111 0.06875 0.15833333333333333
21 0.553125 0.35833333333333334 0.0875 0.12222222222222222
21 0.65390625 0.35833333333333334 0.0796875 0.12222222222222222
21 0.75 0.3611111111111111 0.0640625 0.12222222222222222
21 0.70625 0.4486111111111111 0.0859375 0.13055555555555556
21 0.80234375 0.43472222222222223 0.0640625 0.14722222222222223
21 0.84765625 0.6138888888888889 0.075 0.11666666666666667
21 0.8609375 0.45694444444444443 0.06875 0.12222222222222222
21 0.76484375 0.5291666666666667 0.078125 0.11944444444444445
21 0.7265625 0.6138888888888889 0.0734375 0.12222222222222222
21 0.6828125 0.6944444444444444 0.084375 0.12222222222222222
21 0.77578125 0.6888888888888889 0.065625 0.14722222222222223
21 0.5703125 0.6930555555555555 0.0875 0.11944444444444445
21 0.51015625 0.7722222222222223 0.0859375 0.12777777777777777
21 0.346875 0.8430555555555556 0.0859375 0.12222222222222222
21 0.46171875 0.8472222222222222 0.0828125 0.11944444444444445
21 0.4125 0.925 0.0859375 0.11944444444444445
21 0.58984375 0.85 0.0796875 0.11388888888888889
21 0.69140625 0.8513888888888889 0.084375 0.11666666666666667
21 0.803125 0.8472222222222222 0.084375 0.12222222222222222
21 0.6375 0.9291666666666667 0.078125 0.1111111111111111
21 0.20390625 0.043055555555555555 0.075 0.08611111111111111