21 0.090625 0.43472222222222223 0.078125 0.125
21 0.08828125 0.5944444444444444 0.0734375 0.11666666666666667
21 0.846875 0.2972222222222222 0.0734375 0.11666666666666667
21 0.84765625 0.1375 0.0765625 0.11944444444444445
21 0.78046875 0.06666666666666667 0.078125 0.125
21 0.696875 0.11944444444444445 0.0765625 0.11666666666666667
21 0.63984375 0.05138888888888889 0.0796875 0.1
21 0.7921875 0.2111111111111111 0.071875 0.11388888888888889
21 0.64296875 0.18611111111111112 0.0734375 0.13333333333333333
21 0.56796875 0.19305555555555556 0.0796875 0.1111111111111111
21 0.521875 0.27361111111111114 0.08125 0.11944444444444445
21 0.47265625 0.10833333333333334 0.0859375 0.125
21 0.11015625 0.05 0.071875 0.1
21 0.084375 0.9583333333333334 0.0828125 0.08333333333333333
21 0.1328125 0.9027777777777778 0.0765625 0.1111111111111111
21 0.6734375 0.2875 0.08125 0.12222222222222222
21 0.7984375 0.41388888888888886 0.0828125 0.13055555555555556
21 0.82890625 0.6166666666666667 0.065625 0.125
21 0.784375 0.5333333333333333 0.06875 0.12777777777777777
21 0.796875 0.7013888888888888 0.0765625 0.1361111111111111
21 0.853125 0.4638888888888889 0.0625 0.16111111111111112
21 0.634375 0.4486111111111111 0.0859375 0.11944444444444445
21 0.54765625 0.43333333333333335 0.071875 0.13333333333333333
21 0.71015625 0.5333333333333333 0.0828125 0.11666666666666667
21 0.66171875 0.6166666666666667 0.078125 0.11944444444444445
21 0.6765625 0.7777777777777778 0.075 0.11944444444444445
21 0.5796875 0.5277777777777778 0.084375 0.12222222222222222
21 0.53203125 0.6097222222222223 0.0828125 0.12777777777777777
21 0.434375 0.6083333333333333 0.084375 0.125
21 0.27734375 0.6736111111111112 0.0734375 0.12777777777777777
21 0.7234375 0.9319444444444445 0.08125 0.1111111111111111
21 0.75078125 0.7763888888888889 0.0796875 0.11388888888888889
21 0.4859375 0.6958333333333333 0.0890625 0.125
21 0.309375 0.7652777777777777 0.0859375 0.11666666666666667
21 0.8171875 0.8513888888888889 0.08125 0.11666666666666667
21 0.4234375 0.04583333333333333 0.084375 0.08888888888888889
21 0.7421875 0.6166666666666667 0.0796875 0.11388888888888889