21 0.0546875 0.07083333333333333 0.06875 0.12777777777777777
21 0.10546875 0.1361111111111111 0.08125 0.11666666666666667
21 0.07109375 0.29444444444444445 0.071875 0.11666666666666667
21 0.22578125 0.20555555555555555 0.0671875 0.15555555555555556
21 0.3890625 0.05416666666666667 0.0859375 0.10833333333333334
21 0.3015625 0.375 0.0828125 0.11388888888888889
21 0.18828125 0.375 0.0796875 0.11666666666666667
21 0.28984375 0.5416666666666666 0.0765625 0.13333333333333333
21 0.203125 0.7027777777777777 0.0796875 0.12222222222222222
21 0.08125 0.7722222222222223 0.078125 0.11388888888888889
21 0.48046875 0.4777777777777778 0.08125 0.11666666666666667
21 0.2703125 0.7902777777777777 0.084375 0.125
21 0.21953125 0.8583333333333333 0.075 0.11666666666666667
21 0.12578125 0.8513888888888889 0.0703125 0.11666666666666667
21 0.3 0.9472222222222222 0.0796875 0.10555555555555556
21 0.171875 0.9305555555555556 0.08125 0.11666666666666667
21 0.45390625 0.9486111111111111 0.0765625 0.10277777777777777
21 0.50390625 0.875 0.078125 0.11666666666666667
21 0.46328125 0.6402777777777777 0.084375 0.125
21 0.50625 0.3541666666666667 0.08125 0.1361111111111111
21 0.51640625 0.14166666666666666 0.08125 0.11944444444444445
21 0.56796875 0.4777777777777778 0.0796875 0.11666666666666667
21 0.52734375 0.7194444444444444 0.078125 0.11944444444444445
21 0.671875 0.6444444444444445 0.084375 0.11666666666666667
21 0.73203125 0.5625 0.0828125 0.125
21 0.8390625 0.5652777777777778 0.0796875 0.125
21 0.58671875 0.30972222222222223 0.084375 0.12222222222222222
21 0.65625 0.2513888888888889 0.0671875 0.15
21 0.60078125 0.14305555555555555 0.08125 0.11944444444444445
21 0.7921875 0.16527777777777777 0.071875 0.12777777777777777
21 0.90703125 0.3333333333333333 0.0671875 0.14722222222222223
21 0.79296875 0.31805555555555554 0.08125 0.11944444444444445
21 0.7796875 0.48333333333333334 0.0734375 0.12222222222222222
21 0.8328125 0.7083333333333334 0.078125 0.11944444444444445
21 0.74140625 0.7166666666666667 0.08125 0.12777777777777777
21 0.57109375 0.8041666666666667 0.084375 0.12222222222222222
21 0.6828125 0.1486111111111111 0.0859375 0.11666666666666667
21 0.7234375 0.06944444444444445 0.0796875 0.11944444444444445
21 0.771875 0.7944444444444444 0.071875 0.13333333333333333
21 0.8359375 0.8069444444444445 0.065625 0.10833333333333334
21 0.62578125 0.875 0.078125 0.1111111111111111
21 0.75390625 0.95 0.075 0.09166666666666666
21 0.740625 0.22916666666666666 0.0796875 0.11388888888888889
21 0.83984375 0.39861111111111114 0.0828125 0.11388888888888889
21 0.7265625 0.39166666666666666 0.0828125 0.11666666666666667
21 0.6578125 0.4791666666666667 0.084375 0.11944444444444445
21 0.81875 0.07916666666666666 0.071875 0.12222222222222222
21 0.86328125 0.17222222222222222 0.0671875 0.13333333333333333