21 0.3171875 0.043055555555555555 0.084375 0.08611111111111111
21 0.48984375 0.1111111111111111 0.0890625 0.12777777777777777
21 0.39765625 0.041666666666666664 0.0828125 0.08333333333333333
21 0.55625 0.04722222222222222 0.0875 0.09444444444444444
21 0.73203125 0.05138888888888889 0.084375 0.10277777777777777
21 0.6140625 0.11666666666666667 0.084375 0.11944444444444445
21 0.85078125 0.17083333333333334 0.0625 0.15555555555555556
21 0.83515625 0.06527777777777778 0.0765625 0.10833333333333334
21 0.78203125 0.13194444444444445 0.0796875 0.11666666666666667
21 0.90625 0.15138888888888888 0.0640625 0.13055555555555556
21 0.69375 0.12638888888888888 0.0796875 0.125
21 0.4953125 0.35833333333333334 0.084375 0.125
21 0.44296875 0.4444444444444444 0.078125 0.12222222222222222
21 0.4390625 0.27361111111111114 0.0890625 0.13055555555555556
21 0.3890625 0.1875 0.0859375 0.125
21 0.846875 0.29583333333333334 0.075 0.11666666666666667
21 0.77265625 0.28888888888888886 0.078125 0.11944444444444445
21 0.6953125 0.2847222222222222 0.0828125 0.12222222222222222
21 0.86875 0.45694444444444443 0.08125 0.125
21 0.78125 0.4513888888888889 0.0859375 0.12777777777777777
21 0.65390625 0.43472222222222223 0.0796875 0.12222222222222222
21 0.8375 0.6152777777777778 0.0796875 0.11666666666666667
21 0.74453125 0.6125 0.08125 0.11666666666666667
21 0.68984375 0.5333333333333333 0.0828125 0.12777777777777777
21 0.63828125 0.6125 0.0796875 0.11944444444444445
21 0.45625 0.6069444444444444 0.084375 0.125
21 0.5875 0.6958333333333333 0.08125 0.125
21 0.68515625 0.6986111111111111 0.084375 0.11944444444444445
21 0.49375 0.7013888888888888 0.0765625 0.14166666666666666
21 0.5765625 0.44166666666666665 0.078125 0.11944444444444445
21 0.81328125 0.8486111111111111 0.075 0.10833333333333334
21 0.740625 0.85 0.0765625 0.1111111111111111
21 0.63828125 0.8527777777777777 0.0828125 0.12222222222222222
21 0.5890625 0.9291666666666667 0.075 0.11944444444444445
21 0.675 0.9333333333333333 0.075 0.11944444444444445
21 0.54375 0.8430555555555556 0.08125 0.11666666666666667
21 0.46953125 0.8458333333333333 0.0703125 0.12222222222222222
21 0.39453125 0.8486111111111111 0.0859375 0.11388888888888889
21 0.2578125 0.8305555555555556 0.0796875 0.125