21 0.10546875 0.7277777777777777 0.078125 0.125
21 0.08984375 0.8819444444444444 0.0828125 0.1111111111111111
21 0.27890625 0.6583333333333333 0.0796875 0.11944444444444445
21 0.2640625 0.5527777777777778 0.075 0.125
21 0.4234375 0.9097222222222222 0.084375 0.11666666666666667
21 0.46953125 0.8305555555555556 0.0765625 0.1111111111111111
21 0.42578125 0.7486111111111111 0.0875 0.125
21 0.81953125 0.8888888888888888 0.06875 0.13333333333333333
21 0.765625 0.8333333333333334 0.075 0.11388888888888889
21 0.7125 0.9125 0.0765625 0.125
21 0.665625 0.8347222222222223 0.0859375 0.11944444444444445
21 0.61171875 0.9138888888888889 0.0796875 0.10833333333333334
21 0.5125 0.9125 0.08125 0.12222222222222222
21 0.6203125 0.7541666666666667 0.075 0.12222222222222222
21 0.67265625 0.6680555555555555 0.08125 0.11388888888888889
21 0.8734375 0.5944444444444444 0.0765625 0.10833333333333334
21 0.853125 0.49444444444444446 0.0765625 0.11388888888888889
21 0.90078125 0.35 0.0671875 0.13055555555555556
21 0.82734375 0.35 0.08125 0.11666666666666667
21 0.83984375 0.1125 0.071875 0.11944444444444445
21 0.57890625 0.6666666666666666 0.0828125 0.125
21 0.7203125 0.5055555555555555 0.0859375 0.12222222222222222
21 0.58828125 0.5013888888888889 0.0828125 0.11666666666666667
21 0.428125 0.6375 0.084375 0.11944444444444445
21 0.790625 0.2625 0.0859375 0.14166666666666666
21 0.721875 0.21388888888888888 0.0703125 0.13055555555555556
21 0.72265625 0.10138888888888889 0.08125 0.125
21 0.6609375 0.14305555555555555 0.075 0.13055555555555556
21 0.603125 0.3375 0.090625 0.125
21 0.65546875 0.25972222222222224 0.08125 0.12777777777777777
21 0.59375 0.06944444444444445 0.08125 0.11944444444444445
21 0.578125 0.1763888888888889 0.0859375 0.12222222222222222
21 0.52734375 0.25555555555555554 0.0796875 0.12777777777777777
21 0.446875 0.25277777777777777 0.084375 0.12777777777777777
21 0.471875 0.0875 0.0796875 0.12222222222222222
21 0.396875 0.17083333333333334 0.0859375 0.12222222222222222
21 0.33671875 0.08611111111111111 0.078125 0.11944444444444445
21 0.26328125 0.08472222222222223 0.0765625 0.1361111111111111