21 0.0578125 0.1 0.078125 0.11388888888888889
21 0.12109375 0.04027777777777778 0.084375 0.08055555555555556
21 0.15078125 0.175 0.0796875 0.12777777777777777
21 0.103125 0.4986111111111111 0.08125 0.125
21 0.06953125 0.8833333333333333 0.075 0.11388888888888889
21 0.23984375 0.5875 0.078125 0.1388888888888889
21 0.234375 0.16111111111111112 0.0640625 0.14722222222222223
21 0.3640625 0.7513888888888889 0.0859375 0.125
21 0.2734375 0.4152777777777778 0.0796875 0.11944444444444445
21 0.30625 0.17083333333333334 0.0875 0.125
21 0.89921875 0.7597222222222222 0.0609375 0.14166666666666666
21 0.8578125 0.20416666666666666 0.078125 0.12222222222222222
21 0.8015625 0.24166666666666667 0.065625 0.14722222222222223
21 0.60078125 0.1111111111111111 0.0734375 0.13055555555555556
21 0.8046875 0.11805555555555555 0.075 0.11388888888888889
21 0.7328125 0.19027777777777777 0.08125 0.12777777777777777
21 0.69140625 0.10972222222222222 0.0828125 0.11944444444444445
21 0.8546875 0.35833333333333334 0.0734375 0.12222222222222222
21 0.78359375 0.3597222222222222 0.075 0.1111111111111111
21 0.865625 0.5222222222222223 0.0703125 0.125
21 0.79453125 0.49444444444444446 0.0828125 0.11944444444444445
21 0.71796875 0.5180555555555556 0.0765625 0.11944444444444445
21 0.6796875 0.4263888888888889 0.0796875 0.11666666666666667
21 0.67421875 0.26805555555555555 0.078125 0.11944444444444445
21 0.628125 0.3416666666666667 0.090625 0.11388888888888889
21 0.58046875 0.25833333333333336 0.084375 0.11944444444444445
21 0.853125 0.6861111111111111 0.0765625 0.11666666666666667
21 0.8453125 0.8361111111111111 0.0765625 0.12222222222222222
21 0.77109375 0.8388888888888889 0.0765625 0.11388888888888889
21 0.7984375 0.6069444444444444 0.078125 0.12222222222222222
21 0.74609375 0.6833333333333333 0.0796875 0.11388888888888889
21 0.696875 0.7583333333333333 0.08125 0.125
21 0.61875 0.7611111111111111 0.0765625 0.11944444444444445
21 0.6625 0.5986111111111111 0.0796875 0.12777777777777777
21 0.61640625 0.5069444444444444 0.0921875 0.12777777777777777
21 0.565625 0.4222222222222222 0.08125 0.13055555555555556
21 0.52265625 0.5097222222222222 0.0890625 0.12777777777777777
21 0.47109375 0.5916666666666667 0.0859375 0.13055555555555556
21 0.4171875 0.6694444444444444 0.090625 0.13055555555555556
21 0.52578125 0.6777777777777778 0.084375 0.12222222222222222
21 0.4421875 0.8375 0.0859375 0.11388888888888889
21 0.70859375 0.9152777777777777 0.0796875 0.11388888888888889
21 0.6296875 0.9180555555555555 0.0859375 0.125
21 0.48125 0.3402777777777778 0.08125 0.12222222222222222
21 0.39921875 0.3375 0.0828125 0.12222222222222222
21 0.35390625 0.25 0.08125 0.12222222222222222
21 0.88828125 0.06111111111111111 0.0734375 0.11388888888888889
21 0.4203125 0.5055555555555555 0.0859375 0.11944444444444445
21 0.3203125 0.5027777777777778 0.0875 0.12222222222222222