21 0.1234375 0.31666666666666665 0.075 0.1361111111111111
21 0.11796875 0.8777777777777778 0.0703125 0.12222222222222222
21 0.06015625 0.9430555555555555 0.0640625 0.11388888888888889
21 0.8796875 0.43194444444444446 0.075 0.11388888888888889
21 0.890625 0.2763888888888889 0.0765625 0.11944444444444445
21 0.9015625 0.1638888888888889 0.065625 0.125
21 0.8375 0.19305555555555556 0.0703125 0.12222222222222222
21 0.80703125 0.10972222222222222 0.078125 0.11388888888888889
21 0.93984375 0.059722222222222225 0.0609375 0.11944444444444445
21 0.79375 0.34444444444444444 0.0734375 0.11944444444444445
21 0.7328125 0.25416666666666665 0.075 0.13055555555555556
21 0.70546875 0.10138888888888889 0.08125 0.11944444444444445
21 0.6078125 0.09027777777777778 0.08125 0.11944444444444445
21 0.609375 0.25277777777777777 0.0875 0.12222222222222222
21 0.66484375 0.175 0.084375 0.11944444444444445
21 0.55546875 0.16944444444444445 0.0828125 0.11944444444444445
21 0.5125 0.08194444444444444 0.0828125 0.11944444444444445
21 0.390625 0.07777777777777778 0.0859375 0.12777777777777777
21 0.34765625 0.24305555555555555 0.0859375 0.125
21 0.49140625 0.24583333333333332 0.084375 0.12777777777777777
21 0.69921875 0.3458333333333333 0.071875 0.1388888888888889
21 0.65 0.42083333333333334 0.0828125 0.11944444444444445
21 0.7546875 0.42777777777777776 0.0765625 0.11944444444444445
21 0.53671875 0.32916666666666666 0.084375 0.12222222222222222
21 0.43984375 0.1638888888888889 0.0828125 0.11944444444444445
21 0.4328125 0.325 0.0859375 0.12222222222222222
21 0.803125 0.5111111111111111 0.0734375 0.12222222222222222
21 0.59609375 0.5 0.0859375 0.12777777777777777
21 0.74375 0.5847222222222223 0.078125 0.125
21 0.665625 0.5847222222222223 0.0828125 0.12222222222222222
21 0.55390625 0.5833333333333334 0.078125 0.1361111111111111
21 0.45078125 0.49444444444444446 0.084375 0.12222222222222222
21 0.82578125 0.6736111111111112 0.078125 0.11666666666666667
21 0.7296875 0.7027777777777777 0.0640625 0.1388888888888889
21 0.67421875 0.7472222222222222 0.075 0.14166666666666666
21 0.596875 0.7458333333333333 0.0859375 0.12777777777777777
21 0.51640625 0.7486111111111111 0.084375 0.11944444444444445
21 0.39296875 0.6680555555555555 0.084375 0.13333333333333333
21 0.490625 0.9055555555555556 0.08125 0.10833333333333334
21 0.62890625 0.8847222222222222 0.071875 0.13333333333333333
21 0.7890625 0.7486111111111111 0.0734375 0.125
21 0.72265625 0.8319444444444445 0.0828125 0.11388888888888889
21 0.828125 0.8277777777777777 0.078125 0.11666666666666667
21 0.7703125 0.9055555555555556 0.0796875 0.11944444444444445
21 0.8734375 0.7486111111111111 0.0703125 0.11944444444444445