21 0.04609375 0.35833333333333334 0.0671875 0.14722222222222223
21 0.85390625 0.9305555555555556 0.0609375 0.13333333333333333
21 0.89375 0.7708333333333334 0.0671875 0.1361111111111111
21 0.884375 0.6125 0.075 0.125
21 0.88203125 0.4625 0.065625 0.13055555555555556
21 0.85078125 0.3736111111111111 0.0796875 0.11666666666666667
21 0.8578125 0.21666666666666667 0.0859375 0.13055555555555556
21 0.8109375 0.13194444444444445 0.08125 0.11666666666666667
21 0.7171875 0.12361111111111112 0.0828125 0.12222222222222222
21 0.80625 0.2916666666666667 0.078125 0.12777777777777777
21 0.7625 0.20694444444444443 0.078125 0.12222222222222222
21 0.71328125 0.2861111111111111 0.08125 0.11666666666666667
21 0.6578125 0.19444444444444445 0.078125 0.12222222222222222
21 0.6734375 0.05416666666666667 0.08125 0.1
21 0.58984375 0.04722222222222222 0.0765625 0.09444444444444444
21 0.49140625 0.041666666666666664 0.0859375 0.08333333333333333
21 0.40703125 0.10277777777777777 0.0859375 0.11666666666666667
21 0.5421875 0.1125 0.0859375 0.11666666666666667
21 0.61484375 0.28055555555555556 0.0890625 0.13055555555555556
21 0.5234375 0.2722222222222222 0.084375 0.1361111111111111
21 0.4390625 0.26944444444444443 0.0875 0.12777777777777777
21 0.14453125 0.6736111111111112 0.08125 0.125
21 0.10625 0.5902777777777778 0.0734375 0.1361111111111111
21 0.24453125 0.6819444444444445 0.0828125 0.12777777777777777
21 0.78828125 0.8458333333333333 0.0765625 0.1111111111111111
21 0.73984375 0.9291666666666667 0.06875 0.11666666666666667
21 0.6875 0.8541666666666666 0.08125 0.11666666666666667
21 0.73671875 0.775 0.0671875 0.12777777777777777
21 0.7953125 0.6986111111111111 0.078125 0.12777777777777777
21 0.8265625 0.5361111111111111 0.0765625 0.12222222222222222
21 0.78671875 0.4527777777777778 0.0828125 0.13055555555555556
21 0.7671875 0.6069444444444444 0.0828125 0.11944444444444445
21 0.72578125 0.5333333333333333 0.08125 0.13333333333333333
21 0.7015625 0.44166666666666665 0.078125 0.13055555555555556
21 0.64765625 0.5291666666666667 0.0859375 0.125
21 0.6015625 0.44166666666666665 0.084375 0.12222222222222222
21 0.69375 0.6986111111111111 0.0828125 0.13055555555555556
21 0.646875 0.7777777777777778 0.0796875 0.12222222222222222
21 0.6046875 0.6944444444444444 0.075 0.14166666666666666
21 0.571875 0.6 0.0765625 0.13055555555555556
21 0.528125 0.6986111111111111 0.0828125 0.1388888888888889
21 0.5359375 0.8611111111111112 0.0671875 0.15555555555555556
21 0.4125 0.9291666666666667 0.08125 0.11944444444444445
21 0.61171875 0.9333333333333333 0.078125 0.1111111111111111
21 0.40390625 0.6902777777777778 0.0890625 0.125
21 0.521875 0.5236111111111111 0.084375 0.125
21 0.48203125 0.42916666666666664 0.08125 0.13055555555555556
21 0.43125 0.5194444444444445 0.084375 0.12777777777777777
21 0.3671875 0.44583333333333336 0.0703125 0.16666666666666666