21 0.07421875 0.33611111111111114 0.075 0.12777777777777777
21 0.27109375 0.41944444444444445 0.075 0.14444444444444443
21 0.775 0.9208333333333333 0.06875 0.13333333333333333
21 0.8390625 0.8375 0.0734375 0.11944444444444445
21 0.84140625 0.7361111111111112 0.06875 0.12777777777777777
21 0.8453125 0.6041666666666666 0.078125 0.11944444444444445
21 0.859375 0.44722222222222224 0.0625 0.11944444444444445
21 0.85 0.2875 0.08125 0.11944444444444445
21 0.86796875 0.13055555555555556 0.0796875 0.11944444444444445
21 0.80078125 0.2 0.08125 0.11666666666666667
21 0.7515625 0.275 0.0765625 0.11666666666666667
21 0.6984375 0.3527777777777778 0.0890625 0.11944444444444445
21 0.6265625 0.26944444444444443 0.090625 0.125
21 0.73671875 0.11527777777777778 0.078125 0.125
21 0.65859375 0.10694444444444444 0.084375 0.12222222222222222
21 0.5828125 0.09583333333333334 0.08125 0.14166666666666666
21 0.8 0.35555555555555557 0.075 0.12222222222222222
21 0.7546875 0.44027777777777777 0.078125 0.13055555555555556
21 0.71640625 0.5208333333333334 0.0796875 0.13333333333333333
21 0.78359375 0.7763888888888889 0.071875 0.16666666666666666
21 0.80625 0.5194444444444445 0.0890625 0.13055555555555556
21 0.6359375 0.5166666666666667 0.090625 0.125
21 0.59453125 0.42916666666666664 0.08125 0.12777777777777777
21 0.5375 0.34305555555555556 0.0875 0.13055555555555556
21 0.44609375 0.3388888888888889 0.0875 0.11944444444444445
21 0.40703125 0.42916666666666664 0.078125 0.125
21 0.53984375 0.6861111111111111 0.0890625 0.125
21 0.64765625 0.6833333333333333 0.0828125 0.12222222222222222
21 0.59296875 0.7625 0.0828125 0.11944444444444445
21 0.49375 0.5166666666666667 0.0890625 0.12222222222222222
21 0.46796875 0.8416666666666667 0.0859375 0.12222222222222222
21 0.3734375 0.8333333333333334 0.0828125 0.125
21 0.73203125 0.6833333333333333 0.0859375 0.12777777777777777
21 0.725 0.8388888888888889 0.078125 0.11388888888888889
21 0.64765625 0.8402777777777778 0.0828125 0.11666666666666667
21 0.56953125 0.9222222222222223 0.08125 0.12222222222222222