21 0.0765625 0.2 0.0765625 0.11388888888888889
21 0.13984375 0.3597222222222222 0.0765625 0.11944444444444445
21 0.28984375 0.2 0.0875 0.12222222222222222
21 0.38671875 0.2 0.08125 0.12222222222222222
21 0.48359375 0.20277777777777778 0.08125 0.11944444444444445
21 0.1203125 0.9138888888888889 0.071875 0.11666666666666667
21 0.246875 0.7763888888888889 0.0734375 0.14444444444444443
21 0.63515625 0.1375 0.078125 0.12777777777777777
21 0.73046875 0.13055555555555556 0.071875 0.125
21 0.84765625 0.14444444444444443 0.071875 0.12222222222222222
21 0.809375 0.22083333333333333 0.06875 0.12222222222222222
21 0.6890625 0.2152777777777778 0.078125 0.11944444444444445
21 0.8421875 0.30833333333333335 0.0734375 0.12222222222222222
21 0.775 0.38055555555555554 0.0796875 0.12222222222222222
21 0.8609375 0.5375 0.0671875 0.13333333333333333
21 0.7609375 0.5430555555555555 0.0828125 0.125
21 0.69296875 0.37916666666666665 0.0796875 0.11944444444444445
21 0.58515625 0.36666666666666664 0.0796875 0.125
21 0.49609375 0.3680555555555556 0.0875 0.125
21 0.64921875 0.46111111111111114 0.0859375 0.12777777777777777
21 0.53984375 0.4638888888888889 0.084375 0.11666666666666667
21 0.8265625 0.6319444444444444 0.071875 0.12777777777777777
21 0.71484375 0.6291666666666667 0.078125 0.11666666666666667
21 0.86484375 0.7805555555555556 0.078125 0.125
21 0.77578125 0.7055555555555556 0.08125 0.11388888888888889
21 0.6796875 0.7097222222222223 0.0734375 0.13333333333333333
21 0.84296875 0.9375 0.0734375 0.11666666666666667
21 0.77578125 0.9333333333333333 0.0703125 0.13333333333333333
21 0.71640625 0.9319444444444445 0.0703125 0.11666666666666667
21 0.64375 0.8638888888888889 0.0828125 0.125
21 0.59921875 0.9430555555555555 0.0796875 0.1111111111111111
21 0.4390625 0.9430555555555555 0.084375 0.1111111111111111
21 0.3578125 0.9375 0.0859375 0.10555555555555556
21 0.31640625 0.8555555555555555 0.0828125 0.12222222222222222
21 0.375 0.6972222222222222 0.090625 0.13333333333333333
21 0.43359375 0.5347222222222222 0.0875 0.12222222222222222
21 0.4921875 0.8638888888888889 0.0875 0.11944444444444445
21 0.54296875 0.7847222222222222 0.0859375 0.11944444444444445
21 0.60390625 0.7027777777777777 0.0796875 0.12222222222222222
21 0.5546875 0.6236111111111111 0.0875 0.125
21 0.734375 0.7861111111111111 0.0875 0.11944444444444445
21 0.5671875 0.05277777777777778 0.08125 0.10555555555555556
21 0.6671875 0.059722222222222225 0.0765625 0.11388888888888889
21 0.7640625 0.0625 0.078125 0.125