21 0.0484375 0.4791666666666667 0.06875 0.11944444444444445
21 0.15390625 0.5527777777777778 0.078125 0.11666666666666667
21 0.11484375 0.6347222222222222 0.0796875 0.11388888888888889
21 0.09296875 0.8708333333333333 0.071875 0.125
21 0.35703125 0.65 0.0859375 0.11944444444444445
21 0.30546875 0.5611111111111111 0.078125 0.11388888888888889
21 0.26640625 0.725 0.071875 0.14166666666666666
21 0.19921875 0.8833333333333333 0.078125 0.12777777777777777
21 0.8234375 0.9555555555555556 0.084375 0.08888888888888889
21 0.778125 0.8972222222222223 0.0765625 0.11388888888888889
21 0.83984375 0.8166666666666667 0.071875 0.11388888888888889
21 0.78984375 0.7333333333333333 0.075 0.11388888888888889
21 0.8375 0.6583333333333333 0.0765625 0.12222222222222222
21 0.8796875 0.5680555555555555 0.0671875 0.14444444444444443
21 0.821875 0.5041666666666667 0.075 0.12222222222222222
21 0.77734375 0.5777777777777777 0.075 0.12222222222222222
21 0.73203125 0.6583333333333333 0.078125 0.125
21 0.73359375 0.8194444444444444 0.0875 0.12222222222222222
21 0.6875 0.7375 0.084375 0.125
21 0.89921875 0.19027777777777777 0.06875 0.11666666666666667
21 0.665625 0.9569444444444445 0.075 0.08611111111111111
21 0.58984375 0.9555555555555556 0.0859375 0.08888888888888889
21 0.61015625 0.7347222222222223 0.078125 0.12777777777777777
21 0.53359375 0.7305555555555555 0.084375 0.13333333333333333
21 0.4828125 0.6527777777777778 0.0859375 0.11944444444444445
21 0.40390625 0.7319444444444444 0.0828125 0.12222222222222222
21 0.565625 0.8166666666666667 0.0796875 0.12777777777777777
21 0.48671875 0.8194444444444444 0.0875 0.12222222222222222
21 0.76953125 0.42083333333333334 0.075 0.11944444444444445
21 0.8234375 0.34305555555555556 0.0765625 0.125
21 0.87265625 0.26805555555555555 0.071875 0.13055555555555556
21 0.721875 0.49166666666666664 0.0796875 0.12777777777777777
21 0.678125 0.5763888888888888 0.084375 0.13333333333333333
21 0.6234375 0.49166666666666664 0.084375 0.12777777777777777
21 0.590625 0.40555555555555556 0.0796875 0.13055555555555556
21 0.82109375 0.18194444444444444 0.06875 0.11666666666666667
21 0.77265625 0.25555555555555554 0.075 0.1111111111111111
21 0.778125 0.09305555555555556 0.078125 0.11944444444444445
21 0.725 0.16944444444444445 0.08125 0.11944444444444445
21 0.67421875 0.24722222222222223 0.0859375 0.11666666666666667
21 0.6765625 0.08611111111111111 0.0796875 0.11388888888888889
21 0.63046875 0.16527777777777777 0.0796875 0.1111111111111111
21 0.5578125 0.08055555555555556 0.084375 0.11666666666666667
21 0.41640625 0.07083333333333333 0.090625 0.11388888888888889
21 0.5359375 0.2361111111111111 0.0765625 0.14166666666666666
21 0.47265625 0.1527777777777778 0.0828125 0.11666666666666667
21 0.49296875 0.40694444444444444 0.0859375 0.12777777777777777
21 0.45234375 0.31666666666666665 0.0875 0.11388888888888889
21 0.39765625 0.23194444444444445 0.0875 0.11944444444444445