21 0.2265625 0.1736111111111111 0.0828125 0.1361111111111111
21 0.4515625 0.09861111111111111 0.0890625 0.12222222222222222
21 0.315625 0.2569444444444444 0.090625 0.12777777777777777
21 0.12890625 0.6625 0.0765625 0.1361111111111111
21 0.8515625 0.19722222222222222 0.06875 0.1388888888888889
21 0.90390625 0.8347222222222223 0.0625 0.12222222222222222
21 0.8203125 0.2861111111111111 0.0828125 0.12777777777777777
21 0.52734375 0.09305555555555556 0.0734375 0.13055555555555556
21 0.70625 0.11388888888888889 0.08125 0.11944444444444445
21 0.6328125 0.18055555555555555 0.078125 0.14166666666666666
21 0.56796875 0.2013888888888889 0.065625 0.15
21 0.5046875 0.2652777777777778 0.084375 0.12777777777777777
21 0.75390625 0.19444444444444445 0.08125 0.12777777777777777
21 0.69765625 0.2652777777777778 0.0765625 0.1388888888888889
21 0.86328125 0.44722222222222224 0.0796875 0.12777777777777777
21 0.77578125 0.3611111111111111 0.0828125 0.125
21 0.7421875 0.4388888888888889 0.078125 0.125
21 0.66484375 0.35833333333333334 0.084375 0.13333333333333333
21 0.55546875 0.3486111111111111 0.0859375 0.12222222222222222
21 0.44921875 0.425 0.0921875 0.1361111111111111
21 0.6 0.43333333333333335 0.08125 0.1388888888888889
21 0.54375 0.5180555555555556 0.0875 0.12777777777777777
21 0.88359375 0.6833333333333333 0.075 0.11944444444444445
21 0.8296875 0.6055555555555555 0.078125 0.12777777777777777
21 0.7765625 0.5277777777777778 0.078125 0.1388888888888889
21 0.7 0.525 0.0828125 0.13333333333333333
21 0.6359375 0.6069444444444444 0.0703125 0.16944444444444445
21 0.8390625 0.8416666666666667 0.0703125 0.12222222222222222
21 0.790625 0.7847222222222222 0.071875 0.1361111111111111
21 0.7734375 0.6833333333333333 0.08125 0.13055555555555556
21 0.6953125 0.6888888888888889 0.0828125 0.12777777777777777
21 0.7390625 0.9263888888888889 0.071875 0.13055555555555556
21 0.690625 0.8458333333333333 0.0796875 0.11944444444444445
21 0.6359375 0.9236111111111112 0.0796875 0.11666666666666667
21 0.634375 0.7638888888888888 0.0828125 0.11944444444444445
21 0.55 0.8472222222222222 0.0890625 0.125
21 0.47734375 0.6888888888888889 0.0921875 0.14722222222222223
21 0.38125 0.7569444444444444 0.0859375 0.11666666666666667
21 0.3078125 0.7458333333333333 0.071875 0.14722222222222223
21 0.3640625 0.9208333333333333 0.0765625 0.11388888888888889