21 0.10078125 0.1125 0.078125 0.11666666666666667
21 0.3875 0.04583333333333333 0.084375 0.09166666666666666
21 0.11796875 0.5944444444444444 0.0796875 0.12222222222222222
21 0.05234375 0.7444444444444445 0.075 0.125
21 0.23125 0.5972222222222222 0.0734375 0.14722222222222223
21 0.31328125 0.6027777777777777 0.078125 0.1361111111111111
21 0.55234375 0.4486111111111111 0.0796875 0.1111111111111111
21 0.39296875 0.6097222222222223 0.0875 0.12222222222222222
21 0.59921875 0.2861111111111111 0.0828125 0.13055555555555556
21 0.5203125 0.2777777777777778 0.0796875 0.12777777777777777
21 0.6359375 0.2 0.0765625 0.13333333333333333
21 0.87265625 0.5444444444444444 0.078125 0.11666666666666667
21 0.8296875 0.6194444444444445 0.075 0.11944444444444445
21 0.7734375 0.6666666666666666 0.0640625 0.1388888888888889
21 0.875 0.6930555555555555 0.075 0.11944444444444445
21 0.8625 0.8430555555555556 0.0671875 0.12222222222222222
21 0.79140625 0.8527777777777777 0.075 0.12222222222222222
21 0.75859375 0.7763888888888889 0.08125 0.12222222222222222
21 0.7125 0.7069444444444445 0.06875 0.14722222222222223
21 0.678125 0.6125 0.08125 0.13055555555555556
21 0.746875 0.5402777777777777 0.0828125 0.11388888888888889
21 0.83515625 0.45555555555555555 0.075 0.13055555555555556
21 0.74921875 0.4305555555555556 0.0796875 0.11666666666666667
21 0.678125 0.45 0.0765625 0.11944444444444445
21 0.62734375 0.5347222222222222 0.084375 0.12222222222222222
21 0.58203125 0.6138888888888889 0.0828125 0.12777777777777777
21 0.53671875 0.6958333333333333 0.0890625 0.13055555555555556
21 0.4859375 0.7722222222222223 0.090625 0.13055555555555556
21 0.37578125 0.7694444444444445 0.0859375 0.125
21 0.73359375 0.9305555555555556 0.08125 0.11666666666666667
21 0.69375 0.8555555555555555 0.0796875 0.11388888888888889
21 0.64296875 0.7763888888888889 0.078125 0.13333333333333333
21 0.59140625 0.8513888888888889 0.084375 0.11944444444444445
21 0.875 0.225 0.0703125 0.1361111111111111
21 0.640625 0.9333333333333333 0.0796875 0.12222222222222222
21 0.54296875 0.9347222222222222 0.084375 0.11388888888888889
21 0.46171875 0.9319444444444445 0.0875 0.11666666666666667
21 0.809375 0.21666666666666667 0.078125 0.11388888888888889
21 0.75703125 0.29444444444444445 0.084375 0.11944444444444445
21 0.71015625 0.20555555555555555 0.0859375 0.12222222222222222
21 0.80859375 0.06388888888888888 0.0796875 0.11666666666666667
21 0.76171875 0.12916666666666668 0.08125 0.125
21 0.6828125 0.1111111111111111 0.084375 0.12222222222222222
21 0.6234375 0.05277777777777778 0.0875 0.10555555555555556