21 0.3796875 0.5611111111111111 0.0828125 0.11388888888888889
21 0.63515625 0.15555555555555556 0.0796875 0.11944444444444445
21 0.7578125 0.1625 0.08125 0.11944444444444445
21 0.8 0.09305555555555556 0.078125 0.10555555555555556
21 0.57421875 0.5652777777777778 0.0765625 0.12777777777777777
21 0.7140625 0.24722222222222223 0.08125 0.12222222222222222
21 0.65625 0.3194444444444444 0.084375 0.11666666666666667
21 0.75703125 0.4111111111111111 0.08125 0.11388888888888889
21 0.84453125 0.6611111111111111 0.075 0.11666666666666667
21 0.7484375 0.6569444444444444 0.0796875 0.11944444444444445
21 0.67109375 0.6513888888888889 0.0859375 0.11666666666666667
21 0.51171875 0.6472222222222223 0.0796875 0.11666666666666667
21 0.434375 0.6458333333333334 0.0828125 0.125
21 0.371875 0.7222222222222222 0.08125 0.11388888888888889
21 0.38046875 0.8875 0.0828125 0.11666666666666667
21 0.8015625 0.7347222222222223 0.06875 0.125
21 0.76640625 0.8208333333333333 0.0765625 0.125
21 0.63671875 0.9541666666666667 0.0765625 0.09166666666666666
21 0.81796875 0.8902777777777777 0.075 0.11666666666666667
21 0.865625 0.09027777777777778 0.0609375 0.1361111111111111