21 0.34609375 0.06805555555555555 0.0875 0.12777777777777777
21 0.34375 0.23194444444444445 0.084375 0.12222222222222222
21 0.29296875 0.3958333333333333 0.08125 0.12777777777777777
21 0.50703125 0.15416666666666667 0.0828125 0.11666666666666667
21 0.85078125 0.10138888888888889 0.0765625 0.11944444444444445
21 0.11328125 0.8666666666666667 0.075 0.13055555555555556
21 0.2703125 0.5625 0.071875 0.1527777777777778
21 0.40234375 0.5638888888888889 0.0828125 0.11388888888888889
21 0.4875 0.4 0.0890625 0.11944444444444445
21 0.36875 0.39166666666666666 0.075 0.12777777777777777
21 0.64453125 0.08055555555555556 0.0796875 0.11944444444444445
21 0.6 0.15694444444444444 0.0796875 0.11388888888888889
21 0.73984375 0.09305555555555556 0.0703125 0.125
21 0.890625 0.1875 0.0609375 0.11388888888888889
21 0.7984375 0.1763888888888889 0.0828125 0.12222222222222222
21 0.7546875 0.24861111111111112 0.0703125 0.1361111111111111
21 0.66171875 0.24444444444444444 0.0796875 0.11944444444444445
21 0.55625 0.24166666666666667 0.08125 0.125
21 0.84296875 0.5791666666666667 0.06875 0.11666666666666667
21 0.80234375 0.49444444444444446 0.0765625 0.11666666666666667
21 0.84609375 0.2625 0.0734375 0.12222222222222222
21 0.76328125 0.4125 0.0765625 0.11666666666666667
21 0.71015625 0.33055555555555555 0.084375 0.125
21 0.32109375 0.7277777777777777 0.084375 0.125
21 0.3015625 0.8819444444444444 0.078125 0.11388888888888889
21 0.42109375 0.8152777777777778 0.0734375 0.14722222222222223
21 0.53671875 0.4847222222222222 0.08125 0.11388888888888889
21 0.6078125 0.325 0.0828125 0.12222222222222222
21 0.46328125 0.7319444444444444 0.0828125 0.12777777777777777
21 0.50703125 0.6541666666666667 0.08125 0.12222222222222222
21 0.61796875 0.4875 0.084375 0.125
21 0.66015625 0.4041666666666667 0.084375 0.11388888888888889
21 0.78828125 0.7347222222222223 0.0625 0.1388888888888889
21 0.71796875 0.7111111111111111 0.0671875 0.1388888888888889
21 0.7515625 0.5736111111111111 0.0796875 0.11666666666666667
21 0.6515625 0.6555555555555556 0.075 0.1111111111111111
21 0.81796875 0.8138888888888889 0.075 0.125
21 0.7421875 0.8166666666666667 0.0796875 0.1111111111111111
21 0.69296875 0.8944444444444445 0.084375 0.10833333333333334
21 0.84765625 0.8916666666666667 0.0640625 0.12222222222222222
21 0.51875 0.8111111111111111 0.0828125 0.11666666666666667
21 0.57109375 0.7361111111111112 0.084375 0.12777777777777777
21 0.34296875 0.9541666666666667 0.0828125 0.09166666666666666
21 0.6125 0.8180555555555555 0.0828125 0.11944444444444445
21 0.70546875 0.49444444444444446 0.075 0.11944444444444445
21 0.7984375 0.9555555555555556 0.075 0.08888888888888889