21 0.96875 0.7791666666666667 0.05625 0.14722222222222223
21 0.92578125 0.8625 0.0703125 0.10833333333333334
21 0.96875 0.5416666666666666 0.05625 0.15
21 0.915625 0.5597222222222222 0.059375 0.15833333333333333
21 0.90625 0.39444444444444443 0.075 0.12222222222222222
21 0.92890625 0.24583333333333332 0.0578125 0.14722222222222223
21 0.875 0.2375 0.0625 0.14722222222222223
21 0.82578125 0.3138888888888889 0.0765625 0.12222222222222222
21 0.7921875 0.21805555555555556 0.08125 0.11944444444444445
21 0.7140625 0.22083333333333333 0.0796875 0.12222222222222222
21 0.74140625 0.13333333333333333 0.0765625 0.13055555555555556
21 0.66171875 0.13194444444444445 0.0640625 0.1527777777777778
21 0.596875 0.11527777777777778 0.0734375 0.14722222222222223
21 0.521875 0.11388888888888889 0.0828125 0.11944444444444445
21 0.92421875 0.7125 0.0640625 0.14166666666666666
21 0.88125 0.7972222222222223 0.06875 0.12222222222222222
21 0.87265625 0.6861111111111111 0.071875 0.14444444444444443
21 0.85390625 0.575 0.078125 0.12222222222222222
21 0.8484375 0.46944444444444444 0.0734375 0.11944444444444445
21 0.78984375 0.43472222222222223 0.075 0.13055555555555556
21 0.73203125 0.3541666666666667 0.078125 0.13333333333333333
21 0.84765625 0.8875 0.075 0.13055555555555556
21 0.7890625 0.9 0.06875 0.14722222222222223
21 0.8109375 0.7888888888888889 0.08125 0.11944444444444445
21 0.8140625 0.6722222222222223 0.0625 0.1527777777777778
21 0.7765625 0.5444444444444444 0.08125 0.12222222222222222
21 0.71796875 0.4597222222222222 0.08125 0.125
21 0.665625 0.525 0.0765625 0.13333333333333333
21 0.72265625 0.9430555555555555 0.0828125 0.1111111111111111
21 0.6796875 0.8638888888888889 0.08125 0.11944444444444445
21 0.74453125 0.8138888888888889 0.0625 0.15555555555555556
21 0.7546875 0.6791666666666667 0.0640625 0.15555555555555556
21 0.70078125 0.7375 0.0671875 0.16944444444444445
21 0.7078125 0.6013888888888889 0.0765625 0.13333333333333333
21 0.646875 0.6458333333333334 0.071875 0.15555555555555556
21 0.57890625 0.6986111111111111 0.090625 0.125
21 0.60390625 0.8625 0.078125 0.14166666666666666
21 0.5328125 0.8861111111111111 0.071875 0.14166666666666666
21 0.46875 0.8680555555555556 0.0671875 0.15555555555555556
21 0.515625 0.7736111111111111 0.0984375 0.12222222222222222
21 0.6375 0.7722222222222223 0.0703125 0.13055555555555556
21 0.4046875 0.9138888888888889 0.084375 0.14722222222222223
21 0.41484375 0.7833333333333333 0.06875 0.1527777777777778
21 0.45859375 0.6902777777777778 0.0953125 0.11666666666666667
21 0.53203125 0.6152777777777778 0.075 0.15555555555555556
21 0.5984375 0.5486111111111112 0.0703125 0.16111111111111112
21 0.61640625 0.37916666666666665 0.0734375 0.14722222222222223
21 0.5625 0.4513888888888889 0.06875 0.12777777777777777
21 0.65703125 0.28194444444444444 0.0859375 0.12222222222222222
21 0.575 0.2569444444444444 0.0796875 0.14444444444444443
21 0.534375 0.35 0.08125 0.12777777777777777
21 0.49140625 0.4388888888888889 0.078125 0.13055555555555556
21 0.46640625 0.5611111111111111 0.071875 0.1527777777777778
21 0.40078125 0.5958333333333333 0.0734375 0.14722222222222223
21 0.33359375 0.6 0.071875 0.12777777777777777
21 0.32734375 0.9236111111111112 0.0671875 0.12222222222222222
21 0.33828125 0.8208333333333333 0.0796875 0.12777777777777777
21 0.359375 0.7125 0.071875 0.12777777777777777
21 0.29453125 0.725 0.065625 0.15
21 0.26875 0.5986111111111111 0.0703125 0.16111111111111112
21 0.20390625 0.6361111111111111 0.0703125 0.1527777777777778
21 0.13359375 0.6583333333333333 0.0859375 0.12777777777777777
21 0.21328125 0.8875 0.065625 0.1388888888888889
21 0.153125 0.8833333333333333 0.0625 0.13333333333333333
21 0.10078125 0.925 0.075 0.1388888888888889
21 0.0421875 0.9458333333333333 0.0765625 0.10277777777777777
21 0.23359375 0.7472222222222222 0.065625 0.1361111111111111
21 0.16953125 0.7513888888888889 0.0703125 0.1388888888888889
21 0.10625 0.8055555555555556 0.065625 0.125
21 0.06328125 0.7263888888888889 0.075 0.12222222222222222
21 0.0359375 0.6055555555555555 0.0671875 0.16111111111111112
21 0.046875 0.4791666666666667 0.0625 0.1527777777777778
21 0.16015625 0.5152777777777777 0.0734375 0.11944444444444445
21 0.0984375 0.5722222222222222 0.078125 0.11666666666666667
21 0.15859375 0.4041666666666667 0.0640625 0.12777777777777777
21 0.11015625 0.3333333333333333 0.08125 0.11388888888888889
21 0.27265625 0.8541666666666666 0.0703125 0.14722222222222223
21 0.4234375 0.4527777777777778 0.06875 0.14722222222222223
21 0.4484375 0.3375 0.071875 0.1388888888888889
21 0.49921875 0.2625 0.0765625 0.13055555555555556
21 0.44765625 0.1875 0.0859375 0.11944444444444445
21 0.37578125 0.2611111111111111 0.0859375 0.12222222222222222
21 0.34140625 0.17222222222222222 0.0859375 0.11944444444444445
21 0.29296875 0.25416666666666665 0.0859375 0.13055555555555556
21 0.2421875 0.3277777777777778 0.078125 0.14166666666666666
21 0.37578125 0.3736111111111111 0.078125 0.13055555555555556
21 0.309375 0.3527777777777778 0.0703125 0.14444444444444443
21 0.21171875 0.43333333333333335 0.065625 0.1388888888888889
21 0.3296875 0.48194444444444445 0.0796875 0.14166666666666666
21 0.26875 0.4597222222222222 0.065625 0.15