21 0.0625 0.5666666666666667 0.0734375 0.1361111111111111
21 0.2640625 0.0875 0.08125 0.11666666666666667
21 0.3671875 0.08888888888888889 0.08125 0.12222222222222222
21 0.2859375 0.25 0.084375 0.1388888888888889
21 0.2328125 0.49583333333333335 0.0828125 0.1361111111111111
21 0.50625 0.25416666666666665 0.0875 0.12222222222222222
21 0.60390625 0.1763888888888889 0.0859375 0.12222222222222222
21 0.9171875 0.2833333333333333 0.06875 0.13333333333333333
21 0.84765625 0.28194444444444444 0.075 0.125
21 0.809375 0.19444444444444445 0.078125 0.11388888888888889
21 0.665625 0.10555555555555556 0.084375 0.1111111111111111
21 0.75703125 0.2722222222222222 0.08125 0.12222222222222222
21 0.7125 0.18333333333333332 0.0796875 0.12777777777777777
21 0.6859375 0.3458333333333333 0.08125 0.12222222222222222
21 0.64296875 0.4263888888888889 0.08125 0.125
21 0.5625 0.4166666666666667 0.084375 0.13333333333333333
21 0.76328125 0.4361111111111111 0.08125 0.11944444444444445
21 0.453125 0.5027777777777778 0.0796875 0.12222222222222222
21 0.32890625 0.4986111111111111 0.0828125 0.125
21 0.859375 0.6777777777777778 0.0734375 0.11944444444444445
21 0.82265625 0.7486111111111111 0.06875 0.11944444444444445
21 0.77734375 0.8319444444444445 0.071875 0.12222222222222222
21 0.72265625 0.9097222222222222 0.0765625 0.125
21 0.68203125 0.8319444444444445 0.0796875 0.11944444444444445
21 0.746875 0.75 0.0765625 0.11666666666666667
21 0.803125 0.5180555555555556 0.0796875 0.11944444444444445
21 0.74765625 0.5958333333333333 0.0828125 0.12777777777777777
21 0.7 0.6763888888888889 0.0875 0.12222222222222222
21 0.3859375 0.6694444444444444 0.0859375 0.125
21 0.45625 0.8319444444444445 0.08125 0.11666666666666667
21 0.36328125 0.9111111111111111 0.0765625 0.12777777777777777
21 0.634375 0.9166666666666666 0.084375 0.11666666666666667
21 0.584375 0.8319444444444445 0.090625 0.125
21 0.83515625 0.05138888888888889 0.0828125 0.10277777777777777