21 0.0484375 0.33194444444444443 0.06875 0.14722222222222223
21 0.2265625 0.15138888888888888 0.0765625 0.1388888888888889
21 0.1375 0.39861111111111114 0.0734375 0.11666666666666667
21 0.04453125 0.4875 0.065625 0.14722222222222223
21 0.2109375 0.39861111111111114 0.08125 0.12777777777777777
21 0.30625 0.23333333333333334 0.0734375 0.1361111111111111
21 0.56015625 0.08333333333333333 0.0796875 0.13055555555555556
21 0.6734375 0.09444444444444444 0.078125 0.11666666666666667
21 0.77578125 0.09583333333333334 0.065625 0.12222222222222222
21 0.92421875 0.19305555555555556 0.059375 0.1527777777777778
21 0.878125 0.2722222222222222 0.0796875 0.12777777777777777
21 0.82578125 0.1875 0.075 0.11388888888888889
21 0.7359375 0.17083333333333334 0.075 0.13333333333333333
21 0.6921875 0.25833333333333336 0.084375 0.11944444444444445
21 0.62109375 0.17083333333333334 0.0828125 0.11944444444444445
21 0.5734375 0.24722222222222223 0.0875 0.125
21 0.46875 0.3236111111111111 0.084375 0.10833333333333334
21 0.196875 0.8819444444444444 0.078125 0.11388888888888889
21 0.23359375 0.7305555555555555 0.0734375 0.11944444444444445
21 0.37734375 0.5722222222222222 0.0828125 0.11388888888888889
21 0.484375 0.5763888888888888 0.0875 0.125
21 0.52265625 0.4097222222222222 0.084375 0.11944444444444445
21 0.665625 0.4152777777777778 0.08125 0.11944444444444445
21 0.7890625 0.34305555555555556 0.08125 0.125
21 0.86796875 0.5847222222222223 0.059375 0.15833333333333333
21 0.853125 0.4305555555555556 0.0671875 0.14166666666666666
21 0.79765625 0.5055555555555555 0.0796875 0.12222222222222222
21 0.74296875 0.41944444444444445 0.0796875 0.11944444444444445
21 0.56484375 0.5777777777777777 0.0828125 0.11388888888888889
21 0.66640625 0.5819444444444445 0.0875 0.11944444444444445
21 0.43828125 0.6611111111111111 0.0859375 0.12777777777777777
21 0.31328125 0.7347222222222223 0.08125 0.125
21 0.27265625 0.8888888888888888 0.08125 0.1111111111111111
21 0.440625 0.9 0.08125 0.1111111111111111
21 0.60859375 0.6680555555555555 0.08125 0.11944444444444445
21 0.71328125 0.6652777777777777 0.0796875 0.11666666666666667
21 0.76640625 0.5972222222222222 0.075 0.13055555555555556
21 0.8734375 0.7458333333333333 0.0734375 0.12777777777777777
21 0.81484375 0.6708333333333333 0.0734375 0.11388888888888889
21 0.75390625 0.7472222222222222 0.084375 0.125
21 0.6625 0.7444444444444445 0.0859375 0.125
21 0.79921875 0.8222222222222222 0.08125 0.125
21 0.75078125 0.9013888888888889 0.075 0.1111111111111111
21 0.83125 0.9 0.0734375 0.11388888888888889
21 0.6734375 0.9027777777777778 0.084375 0.1111111111111111
21 0.39375 0.7444444444444445 0.0765625 0.14722222222222223
21 0.490625 0.8194444444444444 0.0828125 0.11944444444444445
21 0.353125 0.8972222222222223 0.0828125 0.11388888888888889
21 0.38984375 0.03194444444444444 0.0953125 0.06388888888888888
21 0.4984375 0.025 0.0765625 0.05