21 0.42265625 0.26944444444444443 0.090625 0.125
21 0.91328125 0.12222222222222222 0.071875 0.11944444444444445
21 0.68125 0.04722222222222222 0.078125 0.09444444444444444
21 0.14453125 0.6708333333333333 0.0828125 0.11388888888888889
21 0.24453125 0.6625 0.065625 0.13333333333333333
21 0.1 0.9 0.0796875 0.1111111111111111
21 0.3171875 0.6805555555555556 0.0875 0.11388888888888889
21 0.91875 0.7625 0.0625 0.11666666666666667
21 0.8359375 0.1375 0.078125 0.11944444444444445
21 0.509375 0.275 0.084375 0.12222222222222222
21 0.79140625 0.20972222222222223 0.078125 0.12222222222222222
21 0.77578125 0.05555555555555555 0.08125 0.1111111111111111
21 0.72421875 0.12777777777777777 0.0828125 0.11666666666666667
21 0.57890625 0.04583333333333333 0.08125 0.09166666666666666
21 0.534375 0.1125 0.08125 0.12222222222222222
21 0.62890625 0.11388888888888889 0.0859375 0.12222222222222222
21 0.67421875 0.28194444444444444 0.0828125 0.12222222222222222
21 0.59453125 0.2777777777777778 0.0859375 0.11944444444444445
21 0.89921875 0.225 0.071875 0.11666666666666667
21 0.834375 0.2972222222222222 0.075 0.12222222222222222
21 0.74921875 0.33055555555555555 0.0734375 0.1388888888888889
21 0.84453125 0.5375 0.0859375 0.13055555555555556
21 0.74296875 0.4513888888888889 0.08125 0.11944444444444445
21 0.38671875 0.6027777777777777 0.084375 0.13055555555555556
21 0.17109375 0.8888888888888888 0.0828125 0.11944444444444445
21 0.38515625 0.7638888888888888 0.0859375 0.125
21 0.34140625 0.8430555555555556 0.084375 0.13055555555555556
21 0.25625 0.8375 0.078125 0.11666666666666667
21 0.790625 0.6083333333333333 0.0734375 0.13055555555555556
21 0.7328125 0.5694444444444444 0.078125 0.14166666666666666
21 0.6546875 0.6097222222222223 0.08125 0.12777777777777777
21 0.5390625 0.6069444444444444 0.084375 0.13055555555555556
21 0.4625 0.6 0.071875 0.15
21 0.7125 0.6930555555555555 0.0796875 0.12222222222222222
21 0.5921875 0.6916666666666667 0.090625 0.12777777777777777
21 0.815625 0.6958333333333333 0.06875 0.12777777777777777
21 0.76171875 0.7819444444444444 0.065625 0.15555555555555556
21 0.65703125 0.7736111111111111 0.084375 0.12222222222222222
21 0.85390625 0.7666666666666667 0.0703125 0.11944444444444445
21 0.81171875 0.8486111111111111 0.0734375 0.11666666666666667
21 0.696875 0.8513888888888889 0.08125 0.12222222222222222
21 0.753125 0.925 0.0796875 0.1111111111111111
21 0.39609375 0.044444444444444446 0.090625 0.08888888888888889