21 0.14375 0.0625 0.08125 0.12222222222222222
21 0.37890625 0.14027777777777778 0.084375 0.11944444444444445
21 0.42265625 0.059722222222222225 0.0828125 0.11944444444444445
21 0.61171875 0.06666666666666667 0.08125 0.11666666666666667
21 0.71640625 0.07777777777777778 0.0796875 0.11944444444444445
21 0.8875 0.175 0.0734375 0.1361111111111111
21 0.7609375 0.1597222222222222 0.084375 0.12222222222222222
21 0.659375 0.14722222222222223 0.078125 0.11944444444444445
21 0.61015625 0.22777777777777777 0.08125 0.12222222222222222
21 0.703125 0.23333333333333334 0.0828125 0.125
21 0.6359375 0.39444444444444443 0.08125 0.11944444444444445
21 0.72421875 0.39305555555555555 0.075 0.12222222222222222
21 0.68359375 0.4847222222222222 0.0796875 0.11944444444444445
21 0.80859375 0.49027777777777776 0.08125 0.12222222222222222
21 0.76171875 0.5597222222222222 0.08125 0.11666666666666667
21 0.690625 0.6458333333333334 0.084375 0.11944444444444445
21 0.43671875 0.3861111111111111 0.08125 0.11944444444444445
21 0.37890625 0.5444444444444444 0.0875 0.11666666666666667
21 0.31015625 0.625 0.078125 0.14444444444444443
21 0.428125 0.6347222222222222 0.0828125 0.11388888888888889
21 0.0890625 0.8541666666666666 0.06875 0.11666666666666667
21 0.3984375 0.875 0.075 0.10555555555555556
21 0.3296875 0.9402777777777778 0.0734375 0.11944444444444445
21 0.47421875 0.8763888888888889 0.08125 0.11666666666666667
21 0.57265625 0.8819444444444444 0.0796875 0.1111111111111111
21 0.8390625 0.6430555555555556 0.0765625 0.11944444444444445
21 0.78984375 0.725 0.078125 0.11666666666666667
21 0.7515625 0.8027777777777778 0.0765625 0.11666666666666667
21 0.86796875 0.7958333333333333 0.0703125 0.10833333333333334
21 0.81796875 0.8763888888888889 0.0703125 0.1111111111111111
21 0.71015625 0.8777777777777778 0.075 0.10555555555555556
21 0.66484375 0.95 0.084375 0.1
21 0.75234375 0.9486111111111111 0.0765625 0.10277777777777777
21 0.7734375 0.31805555555555554 0.08125 0.12777777777777777
21 0.5265625 0.9527777777777777 0.084375 0.09444444444444444