21 0.084375 0.05416666666666667 0.075 0.10277777777777777
21 0.1796875 0.05416666666666667 0.084375 0.10833333333333334
21 0.06171875 0.3611111111111111 0.071875 0.13055555555555556
21 0.04921875 0.6763888888888889 0.0671875 0.13333333333333333
21 0.28828125 0.2 0.0859375 0.125
21 0.5609375 0.05555555555555555 0.08125 0.1111111111111111
21 0.67109375 0.059722222222222225 0.0828125 0.1111111111111111
21 0.77578125 0.06527777777777778 0.08125 0.1111111111111111
21 0.73984375 0.14027777777777778 0.0875 0.125
21 0.84921875 0.07361111111111111 0.071875 0.11944444444444445
21 0.67734375 0.20694444444444443 0.0796875 0.13055555555555556
21 0.8265625 0.21805555555555556 0.0625 0.15
21 0.8 0.3055555555555556 0.075 0.1388888888888889
21 0.70703125 0.30277777777777776 0.0703125 0.13055555555555556
21 0.61015625 0.2916666666666667 0.084375 0.12777777777777777
21 0.565625 0.37222222222222223 0.08125 0.12777777777777777
21 0.45078125 0.37222222222222223 0.084375 0.12222222222222222
21 0.34609375 0.36527777777777776 0.0796875 0.11388888888888889
21 0.6453125 0.3736111111111111 0.08125 0.11666666666666667
21 0.7578125 0.38055555555555554 0.075 0.11388888888888889
21 0.84375 0.46805555555555556 0.075 0.12777777777777777
21 0.7890625 0.5444444444444444 0.0796875 0.11944444444444445
21 0.68046875 0.5416666666666666 0.071875 0.13055555555555556
21 0.4 0.44722222222222224 0.0796875 0.11944444444444445
21 0.14609375 0.8333333333333334 0.065625 0.13055555555555556
21 0.08359375 0.8388888888888889 0.065625 0.125
21 0.865625 0.3125 0.0625 0.1527777777777778
21 0.56484375 0.6236111111111111 0.0796875 0.125
21 0.52265625 0.5402777777777777 0.0875 0.12777777777777777
21 0.753125 0.7847222222222222 0.078125 0.11388888888888889
21 0.8046875 0.7083333333333334 0.078125 0.11666666666666667
21 0.71640625 0.7055555555555556 0.0796875 0.125
21 0.815625 0.8375 0.0734375 0.13333333333333333
21 0.6609375 0.7861111111111111 0.0859375 0.11666666666666667
21 0.61484375 0.7097222222222223 0.0859375 0.12777777777777777
21 0.5875 0.8694444444444445 0.08125 0.11666666666666667
21 0.8125 0.9402777777777778 0.08125 0.10555555555555556
21 0.7109375 0.9416666666666667 0.075 0.11388888888888889
21 0.534375 0.9430555555555555 0.0859375 0.10833333333333334
21 0.428125 0.9430555555555555 0.084375 0.11388888888888889
21 0.34296875 0.9388888888888889 0.0921875 0.11944444444444445
21 0.26171875 0.9347222222222222 0.0765625 0.11388888888888889
21 0.29921875 0.8541666666666666 0.075 0.12777777777777777
21 0.2234375 0.8486111111111111 0.065625 0.12222222222222222