21 0.2390625 0.2875 0.0828125 0.10555555555555556
21 0.17890625 0.45416666666666666 0.0765625 0.125
21 0.09453125 0.5277777777777778 0.078125 0.11666666666666667
21 0.30078125 0.37222222222222223 0.0796875 0.11944444444444445
21 0.384375 0.13055555555555556 0.0859375 0.11944444444444445
21 0.3828125 0.2916666666666667 0.0828125 0.12222222222222222
21 0.43515625 0.2013888888888889 0.0734375 0.12777777777777777
21 0.33515625 0.625 0.078125 0.14166666666666666
21 0.3921875 0.46111111111111114 0.084375 0.12777777777777777
21 0.46875 0.29583333333333334 0.084375 0.13055555555555556
21 0.528125 0.21388888888888888 0.078125 0.11666666666666667
21 0.57265625 0.13472222222222222 0.0828125 0.12222222222222222
21 0.46953125 0.6291666666666667 0.0765625 0.1361111111111111
21 0.26953125 0.8375 0.0828125 0.11666666666666667
21 0.4203125 0.7930555555555555 0.0796875 0.11666666666666667
21 0.25546875 0.9361111111111111 0.0734375 0.10277777777777777
21 0.47265625 0.9458333333333333 0.078125 0.10277777777777777
21 0.32421875 0.9305555555555556 0.06875 0.13055555555555556
21 0.52734375 0.37916666666666665 0.0859375 0.11388888888888889
21 0.578125 0.2986111111111111 0.0796875 0.125
21 0.69296875 0.3055555555555556 0.084375 0.12222222222222222
21 0.58046875 0.6375 0.08125 0.12222222222222222
21 0.5015625 0.7958333333333333 0.084375 0.11388888888888889
21 0.634375 0.7180555555555556 0.08125 0.12222222222222222
21 0.6828125 0.6402777777777777 0.075 0.125
21 0.7296875 0.5555555555555556 0.0859375 0.12777777777777777
21 0.73515625 0.39166666666666666 0.0796875 0.11666666666666667
21 0.63671875 0.3875 0.084375 0.12777777777777777
21 0.5859375 0.46944444444444444 0.0796875 0.11944444444444445
21 0.64609375 0.06111111111111111 0.0875 0.11944444444444445
21 0.584375 0.7972222222222223 0.084375 0.125
21 0.6921875 0.7986111111111112 0.078125 0.11388888888888889
21 0.753125 0.7236111111111111 0.0734375 0.11666666666666667
21 0.790625 0.6388888888888888 0.071875 0.12222222222222222
21 0.8390625 0.5625 0.075 0.11944444444444445
21 0.796875 0.475 0.075 0.11944444444444445
21 0.89296875 0.40555555555555556 0.0734375 0.12222222222222222
21 0.90859375 0.24444444444444444 0.065625 0.14722222222222223
21 0.80859375 0.2361111111111111 0.0828125 0.11944444444444445
21 0.83125 0.12916666666666668 0.0640625 0.15
21 0.8828125 0.08055555555555556 0.065625 0.13333333333333333
21 0.7671875 0.15416666666666667 0.075 0.11666666666666667
21 0.69296875 0.14583333333333334 0.078125 0.125
21 0.83125 0.7944444444444444 0.0765625 0.11388888888888889
21 0.73828125 0.8722222222222222 0.078125 0.1111111111111111
21 0.84453125 0.9472222222222222 0.0703125 0.10277777777777777
21 0.7734375 0.9458333333333333 0.06875 0.10555555555555556
21 0.634375 0.875 0.08125 0.11944444444444445
21 0.57265625 0.9472222222222222 0.0796875 0.09444444444444444
21 0.6890625 0.9472222222222222 0.0796875 0.10555555555555556
21 0.478125 0.4638888888888889 0.084375 0.12222222222222222