21 0.23984375 0.3958333333333333 0.08125 0.11388888888888889
21 0.0609375 0.12083333333333333 0.078125 0.1111111111111111
21 0.059375 0.47638888888888886 0.0765625 0.12222222222222222
21 0.053125 0.23194444444444445 0.0734375 0.13055555555555556
21 0.075 0.7902777777777777 0.071875 0.13055555555555556
21 0.05 0.9416666666666667 0.0640625 0.11666666666666667
21 0.440625 0.7361111111111112 0.08125 0.1388888888888889
21 0.5421875 0.8194444444444444 0.0796875 0.11666666666666667
21 0.228125 0.95 0.078125 0.1
21 0.453125 0.9569444444444445 0.078125 0.08611111111111111
21 0.57890625 0.9611111111111111 0.090625 0.07777777777777778
21 0.65234375 0.5763888888888888 0.08125 0.11944444444444445
21 0.415625 0.4013888888888889 0.084375 0.11666666666666667
21 0.56875 0.2388888888888889 0.0828125 0.125
21 0.6421875 0.08333333333333333 0.078125 0.12222222222222222
21 0.496875 0.07361111111111111 0.0859375 0.125
21 0.80859375 0.10138888888888889 0.0796875 0.11388888888888889
21 0.89296875 0.25416666666666665 0.0609375 0.14166666666666666
21 0.83046875 0.2611111111111111 0.075 0.11666666666666667
21 0.75859375 0.25555555555555554 0.08125 0.125
21 0.7046875 0.3347222222222222 0.0859375 0.11666666666666667
21 0.84765625 0.4236111111111111 0.075 0.11944444444444445
21 0.5703125 0.4013888888888889 0.0859375 0.13333333333333333
21 0.72734375 0.5805555555555556 0.0765625 0.11944444444444445
21 0.60703125 0.49583333333333335 0.0796875 0.12222222222222222
21 0.815625 0.9583333333333334 0.08125 0.08333333333333333
21 0.72109375 0.9625 0.0765625 0.075