21 0.15546875 0.21388888888888888 0.0734375 0.12777777777777777
21 0.128125 0.45694444444444443 0.0828125 0.12222222222222222
21 0.1125 0.29305555555555557 0.0765625 0.11388888888888889
21 0.56875 0.30694444444444446 0.0796875 0.1388888888888889
21 0.809375 0.1597222222222222 0.078125 0.125
21 0.75703125 0.3138888888888889 0.0796875 0.1388888888888889
21 0.6328125 0.3888888888888889 0.084375 0.12222222222222222
21 0.5296875 0.46805555555555556 0.084375 0.13055555555555556
21 0.278125 0.9402777777777778 0.0703125 0.11944444444444445
21 0.8328125 0.725 0.0828125 0.12222222222222222
21 0.77890625 0.8 0.0796875 0.1111111111111111
21 0.85703125 0.875 0.0703125 0.11388888888888889
21 0.79296875 0.9486111111111111 0.0828125 0.10277777777777777