21 0.0609375 0.15555555555555556 0.0609375 0.1361111111111111
21 0.1328125 0.06527777777777778 0.0765625 0.125
21 0.1171875 0.22361111111111112 0.08125 0.11666666666666667
21 0.0609375 0.4652777777777778 0.06875 0.14722222222222223
21 0.3859375 0.22083333333333333 0.0796875 0.12777777777777777
21 0.353125 0.39166666666666666 0.0859375 0.11944444444444445
21 0.5015625 0.06388888888888888 0.0828125 0.11666666666666667
21 0.9234375 0.3472222222222222 0.065625 0.14166666666666666
21 0.8984375 0.9472222222222222 0.05625 0.10555555555555556
21 0.778125 0.8944444444444445 0.0734375 0.11944444444444445
21 0.65390625 0.9 0.0828125 0.11388888888888889
21 0.6953125 0.8166666666666667 0.075 0.12222222222222222
21 0.8234375 0.8166666666666667 0.0734375 0.1111111111111111
21 0.5046875 0.8944444444444445 0.075 0.11944444444444445
21 0.57890625 0.8194444444444444 0.08125 0.11666666666666667
21 0.8765625 0.4152777777777778 0.0796875 0.11666666666666667
21 0.43828125 0.48333333333333334 0.0890625 0.12222222222222222
21 0.85 0.18055555555555555 0.0703125 0.11388888888888889
21 0.78359375 0.0875 0.0796875 0.12222222222222222
21 0.64140625 0.05277777777777778 0.0734375 0.10555555555555556
21 0.5390625 0.15416666666666667 0.0859375 0.11944444444444445
21 0.44609375 0.6472222222222223 0.078125 0.12222222222222222
21 0.40546875 0.7319444444444444 0.0796875 0.12222222222222222
21 0.365625 0.8097222222222222 0.084375 0.11388888888888889
21 0.5234375 0.4875 0.0828125 0.12222222222222222
21 0.5609375 0.3875 0.06875 0.1388888888888889
21 0.59609375 0.5736111111111111 0.0875 0.12222222222222222
21 0.69375 0.49444444444444446 0.08125 0.11666666666666667
21 0.84921875 0.6597222222222222 0.075 0.12222222222222222
21 0.7484375 0.6416666666666667 0.0625 0.14444444444444443
21 0.6796875 0.6555555555555556 0.0796875 0.11944444444444445
21 0.815625 0.5708333333333333 0.0734375 0.12777777777777777
21 0.7671875 0.4930555555555556 0.0671875 0.12222222222222222
21 0.82890625 0.3402777777777778 0.0734375 0.11944444444444445
21 0.79609375 0.24861111111111112 0.0796875 0.125
21 0.7453125 0.33194444444444443 0.078125 0.11388888888888889
21 0.74453125 0.16666666666666666 0.0796875 0.12222222222222222
21 0.7 0.24027777777777778 0.08125 0.12777777777777777
21 0.64296875 0.1597222222222222 0.0875 0.11944444444444445
21 0.634375 0.3236111111111111 0.0859375 0.12777777777777777
21 0.590625 0.23333333333333334 0.078125 0.11944444444444445
21 0.49921875 0.7333333333333333 0.084375 0.12222222222222222
21 0.421875 0.8916666666666667 0.0875 0.12222222222222222