21 0.8765625 0.8708333333333333 0.0796875 0.11388888888888889
21 0.8625 0.9527777777777777 0.0796875 0.09444444444444444
21 0.80390625 0.8916666666666667 0.08125 0.12777777777777777
21 0.67890625 0.95 0.0921875 0.1
21 0.728125 0.875 0.08125 0.11944444444444445
21 0.86796875 0.7430555555555556 0.0609375 0.14444444444444443
21 0.80234375 0.7319444444444444 0.078125 0.13333333333333333
21 0.7296875 0.7388888888888889 0.0765625 0.14722222222222223
21 0.67109375 0.8263888888888888 0.0671875 0.15555555555555556
21 0.6015625 0.9541666666666667 0.078125 0.09166666666666666
21 0.540625 0.9152777777777777 0.0828125 0.12222222222222222
21 0.47265625 0.95 0.08125 0.1
21 0.403125 0.9222222222222223 0.071875 0.15555555555555556
21 0.33671875 0.9277777777777778 0.065625 0.14444444444444443
21 0.271875 0.9347222222222222 0.071875 0.125
21 0.221875 0.8541666666666666 0.0796875 0.12777777777777777
21 0.16640625 0.7666666666666667 0.078125 0.12777777777777777
21 0.83515625 0.5722222222222222 0.0828125 0.12777777777777777
21 0.8859375 0.4861111111111111 0.065625 0.13333333333333333
21 0.875 0.2625 0.075 0.12777777777777777
21 0.828125 0.3347222222222222 0.071875 0.13055555555555556
21 0.8234375 0.09166666666666666 0.071875 0.125
21 0.79453125 0.2263888888888889 0.0859375 0.12222222222222222
21 0.75390625 0.3277777777777778 0.084375 0.11388888888888889
21 0.75859375 0.5666666666666667 0.0734375 0.1361111111111111
21 0.76328125 0.45 0.08125 0.13055555555555556
21 0.70078125 0.4847222222222222 0.065625 0.16111111111111112
21 0.67109375 0.3194444444444444 0.071875 0.15
21 0.71328125 0.23194444444444445 0.0828125 0.11944444444444445
21 0.73359375 0.13333333333333333 0.0828125 0.11666666666666667
21 0.6078125 0.8513888888888889 0.0703125 0.1527777777777778
21 0.61640625 0.7138888888888889 0.075 0.1388888888888889
21 0.68203125 0.6486111111111111 0.0953125 0.13055555555555556
21 0.609375 0.5555555555555556 0.09375 0.12777777777777777
21 0.5515625 0.6416666666666667 0.09375 0.12777777777777777
21 0.54765625 0.8027777777777778 0.0765625 0.11944444444444445
21 0.4703125 0.8583333333333333 0.0875 0.12222222222222222
21 0.5 0.7222222222222222 0.0796875 0.12777777777777777
21 0.42421875 0.7652777777777777 0.0921875 0.12777777777777777
21 0.35234375 0.7888888888888889 0.084375 0.13333333333333333
21 0.27421875 0.7902777777777777 0.08125 0.11666666666666667
21 0.35625 0.6791666666666667 0.09375 0.125
21 0.45078125 0.6458333333333334 0.078125 0.12222222222222222
21 0.2671875 0.675 0.090625 0.13333333333333333
21 0.21640625 0.5958333333333333 0.065625 0.13333333333333333
21 0.14921875 0.6013888888888889 0.078125 0.11944444444444445
21 0.6375 0.4388888888888889 0.084375 0.1388888888888889
21 0.49140625 0.5416666666666666 0.0828125 0.1361111111111111
21 0.4125 0.5388888888888889 0.0796875 0.13333333333333333
21 0.3 0.5597222222222222 0.09375 0.125
21 0.35078125 0.4722222222222222 0.08125 0.125
21 0.27578125 0.44722222222222224 0.09375 0.12222222222222222
21 0.196875 0.42916666666666664 0.06875 0.14166666666666666
21 0.11875 0.4361111111111111 0.0765625 0.11388888888888889
21 0.153125 0.3333333333333333 0.0828125 0.12222222222222222
21 0.5484375 0.4708333333333333 0.0921875 0.11666666666666667
21 0.57734375 0.37222222222222223 0.0859375 0.11944444444444445
21 0.61953125 0.2263888888888889 0.0828125 0.13333333333333333
21 0.53671875 0.2791666666666667 0.090625 0.125
21 0.48984375 0.37777777777777777 0.090625 0.12777777777777777
21 0.41484375 0.4083333333333333 0.08125 0.14166666666666666
21 0.428125 0.2972222222222222 0.0875 0.12222222222222222
21 0.33671875 0.3638888888888889 0.0859375 0.13055555555555556
21 0.26484375 0.33194444444444443 0.0859375 0.12777777777777777
21 0.625 0.07222222222222222 0.0625 0.14166666666666666
21 0.56171875 0.14444444444444443 0.0875 0.1388888888888889
21 0.47421875 0.2 0.0921875 0.125
21 0.51484375 0.06111111111111111 0.0875 0.12222222222222222
21 0.42109375 0.0625 0.071875 0.125
21 0.371875 0.12638888888888888 0.075 0.15555555555555556
21 0.3203125 0.20416666666666666 0.0796875 0.11666666666666667
21 0.28984375 0.09305555555555556 0.0875 0.1388888888888889
21 0.22890625 0.1986111111111111 0.08125 0.12222222222222222
21 0.21171875 0.08194444444444444 0.078125 0.125