21 0.840625 0.9416666666666667 0.075 0.1111111111111111
21 0.77578125 0.8666666666666667 0.0734375 0.11388888888888889
21 0.71171875 0.7902777777777777 0.0828125 0.12222222222222222
21 0.05 0.36666666666666664 0.075 0.14166666666666666
21 0.18984375 0.28888888888888886 0.0859375 0.125
21 0.31328125 0.20416666666666666 0.084375 0.125
21 0.4109375 0.2902777777777778 0.0890625 0.12222222222222222
21 0.32421875 0.36944444444444446 0.0859375 0.125
21 0.5203125 0.2125 0.075 0.11944444444444445
21 0.8859375 0.24027777777777778 0.075 0.11944444444444445
21 0.871875 0.08194444444444444 0.078125 0.125
21 0.8171875 0.14583333333333334 0.0671875 0.14444444444444443
21 0.7671875 0.06666666666666667 0.08125 0.11666666666666667
21 0.725 0.14166666666666666 0.0828125 0.11944444444444445
21 0.6859375 0.22361111111111112 0.084375 0.12222222222222222
21 0.596875 0.2111111111111111 0.0875 0.125
21 0.7625 0.3111111111111111 0.078125 0.12222222222222222
21 0.8765625 0.4777777777777778 0.0703125 0.11666666666666667
21 0.853125 0.7138888888888889 0.075 0.12222222222222222
21 0.81796875 0.6333333333333333 0.078125 0.125
21 0.7609375 0.7152777777777778 0.0828125 0.13333333333333333
21 0.81484375 0.5208333333333334 0.075 0.12777777777777777
21 0.7453125 0.5486111111111112 0.084375 0.11944444444444445
21 0.69609375 0.6319444444444444 0.078125 0.125
21 0.61640625 0.6319444444444444 0.0828125 0.11944444444444445
21 0.6359375 0.7902777777777777 0.0765625 0.125
21 0.5984375 0.8708333333333333 0.078125 0.11388888888888889
21 0.5171875 0.8666666666666667 0.084375 0.12777777777777777
21 0.47265625 0.9416666666666667 0.084375 0.1111111111111111
21 0.4171875 0.8652777777777778 0.0796875 0.11944444444444445
21 0.375 0.7805555555555556 0.0890625 0.11666666666666667
21 0.30078125 0.7652777777777777 0.0703125 0.1527777777777778
21 0.80859375 0.3861111111111111 0.0765625 0.11666666666666667
21 0.709375 0.38333333333333336 0.0828125 0.12222222222222222
21 0.6390625 0.30416666666666664 0.0765625 0.125
21 0.64921875 0.46944444444444444 0.08125 0.12222222222222222
21 0.58203125 0.375 0.0828125 0.11944444444444445
21 0.53515625 0.46944444444444444 0.0671875 0.15555555555555556
21 0.40703125 0.4583333333333333 0.0875 0.11944444444444445
21 0.43046875 0.625 0.0875 0.125