21 0.084375 0.3638888888888889 0.084375 0.11388888888888889
21 0.31484375 0.2847222222222222 0.0890625 0.125
21 0.45390625 0.2916666666666667 0.084375 0.12222222222222222
21 0.4609375 0.12638888888888888 0.084375 0.13333333333333333
21 0.23828125 0.85 0.0703125 0.14722222222222223
21 0.05234375 0.8375 0.071875 0.12777777777777777
21 0.27578125 0.6097222222222223 0.0765625 0.13055555555555556
21 0.38359375 0.5402777777777777 0.0859375 0.11944444444444445
21 0.8609375 0.7888888888888889 0.078125 0.1111111111111111
21 0.87578125 0.4722222222222222 0.0671875 0.1361111111111111
21 0.8234375 0.23194444444444445 0.090625 0.13333333333333333
21 0.628125 0.2986111111111111 0.08125 0.125
21 0.4484375 0.6263888888888889 0.084375 0.125
21 0.39921875 0.7069444444444445 0.0796875 0.12222222222222222
21 0.31640625 0.7 0.0875 0.12222222222222222
21 0.41796875 0.38055555555555554 0.0703125 0.14444444444444443
21 0.3671875 0.12638888888888888 0.0796875 0.11944444444444445
21 0.2390625 0.19444444444444445 0.0734375 0.13333333333333333
21 0.17890625 0.12638888888888888 0.0765625 0.125
21 0.51171875 0.2111111111111111 0.084375 0.125
21 0.65625 0.1388888888888889 0.084375 0.125
21 0.765625 0.14583333333333334 0.0796875 0.11666666666666667
21 0.86171875 0.15694444444444444 0.0703125 0.1361111111111111
21 0.5359375 0.05277777777777778 0.08125 0.10555555555555556
21 0.41015625 0.05138888888888889 0.084375 0.1
21 0.21796875 0.04861111111111111 0.0828125 0.09722222222222222
21 0.134375 0.05277777777777778 0.08125 0.10555555555555556
21 0.54921875 0.2902777777777778 0.0828125 0.125
21 0.7140625 0.06527777777777778 0.075 0.11944444444444445
21 0.803125 0.07083333333333333 0.0765625 0.13055555555555556
21 0.69921875 0.2902777777777778 0.065625 0.16944444444444445
21 0.8046875 0.46111111111111114 0.0734375 0.12222222222222222
21 0.7328125 0.44722222222222224 0.0703125 0.12777777777777777
21 0.7703125 0.30833333333333335 0.0828125 0.12777777777777777
21 0.58359375 0.39166666666666666 0.0765625 0.14444444444444443
21 0.68828125 0.55 0.0859375 0.12222222222222222
21 0.6421875 0.46111111111111114 0.0890625 0.12777777777777777
21 0.765625 0.5513888888888889 0.078125 0.125
21 0.53046875 0.625 0.0859375 0.12777777777777777
21 0.58515625 0.5458333333333333 0.0890625 0.13055555555555556
21 0.821875 0.8722222222222222 0.0734375 0.11666666666666667
21 0.64296875 0.6375 0.06875 0.16111111111111112
21 0.5734375 0.7111111111111111 0.0796875 0.1361111111111111
21 0.45625 0.7847222222222222 0.0796875 0.11388888888888889
21 0.39609375 0.8611111111111112 0.0828125 0.11666666666666667
21 0.65390625 0.7916666666666666 0.0859375 0.11944444444444445
21 0.83671875 0.5541666666666667 0.0703125 0.11944444444444445
21 0.5046875 0.8680555555555556 0.0859375 0.11666666666666667
21 0.44296875 0.9388888888888889 0.08125 0.11944444444444445
21 0.6046875 0.8708333333333333 0.0796875 0.12222222222222222
21 0.5546875 0.9402777777777778 0.0828125 0.11388888888888889
21 0.7078125 0.8694444444444445 0.0625 0.11388888888888889
21 0.8640625 0.9416666666666667 0.065625 0.11666666666666667
21 0.76640625 0.9319444444444445 0.0734375 0.13055555555555556
21 0.65859375 0.9430555555555555 0.0796875 0.1111111111111111