21 0.3796875 0.5944444444444444 0.0875 0.12222222222222222
21 0.571875 0.6 0.0765625 0.13055555555555556
21 0.75625 0.44305555555555554 0.08125 0.11944444444444445
21 0.86484375 0.12361111111111112 0.0640625 0.14444444444444443
21 0.79921875 0.13055555555555556 0.078125 0.12222222222222222
21 0.75625 0.2 0.084375 0.125
21 0.71328125 0.2791666666666667 0.0828125 0.13055555555555556
21 0.65546875 0.3527777777777778 0.0828125 0.11944444444444445
21 0.6359375 0.18888888888888888 0.08125 0.11944444444444445
21 0.51171875 0.6847222222222222 0.08125 0.12222222222222222
21 0.6703125 0.6861111111111111 0.0859375 0.11666666666666667
21 0.4328125 0.6805555555555556 0.084375 0.12777777777777777
21 0.3703125 0.7555555555555555 0.0859375 0.12222222222222222
21 0.38046875 0.9166666666666666 0.084375 0.11666666666666667
21 0.7484375 0.6916666666666667 0.0796875 0.125
21 0.84453125 0.6875 0.075 0.11666666666666667
21 0.80078125 0.7569444444444444 0.06875 0.12222222222222222
21 0.76640625 0.8472222222222222 0.0734375 0.12777777777777777
21 0.815625 0.9208333333333333 0.0765625 0.1