21 0.8921875 0.7888888888888889 0.0609375 0.1361111111111111
21 0.84140625 0.7194444444444444 0.0796875 0.12777777777777777
21 0.82578125 0.875 0.0796875 0.11666666666666667
21 0.7859375 0.7972222222222223 0.0765625 0.12222222222222222
21 0.74921875 0.7208333333333333 0.0765625 0.12777777777777777
21 0.8015625 0.6430555555555556 0.078125 0.11944444444444445
21 0.853125 0.5611111111111111 0.0828125 0.11944444444444445
21 0.86328125 0.4013888888888889 0.078125 0.12222222222222222
21 0.85703125 0.24305555555555555 0.0734375 0.11666666666666667
21 0.8609375 0.14166666666666666 0.078125 0.1111111111111111
21 0.7921875 0.11944444444444445 0.0765625 0.12777777777777777
21 0.77421875 0.23472222222222222 0.0828125 0.125
21 0.70078125 0.23055555555555557 0.0703125 0.12222222222222222
21 0.71484375 0.07361111111111111 0.08125 0.12222222222222222
21 0.6609375 0.14166666666666666 0.0828125 0.11944444444444445
21 0.81796875 0.3236111111111111 0.0796875 0.12777777777777777
21 0.76875 0.38055555555555554 0.078125 0.12777777777777777
21 0.721875 0.625 0.0796875 0.13055555555555556
21 0.6734375 0.7180555555555556 0.0828125 0.13333333333333333
21 0.63125 0.7930555555555555 0.084375 0.11944444444444445
21 0.59140625 0.8791666666666667 0.0796875 0.125
21 0.515625 0.8777777777777778 0.0796875 0.125
21 0.4390625 0.8736111111111111 0.08125 0.12222222222222222
21 0.3609375 0.8708333333333333 0.084375 0.11666666666666667
21 0.13203125 0.6152777777777778 0.075 0.14166666666666666
21 0.3484375 0.05694444444444444 0.084375 0.11388888888888889
21 0.8125 0.48333333333333334 0.065625 0.15833333333333333
21 0.74375 0.4736111111111111 0.078125 0.13333333333333333
21 0.6921875 0.3875 0.084375 0.12777777777777777
21 0.64765625 0.30833333333333335 0.0859375 0.12777777777777777
21 0.6109375 0.225 0.084375 0.11944444444444445
21 0.55859375 0.30416666666666664 0.0859375 0.13055555555555556
21 0.5734375 0.1388888888888889 0.0875 0.13333333333333333
21 0.6671875 0.5527777777777778 0.0828125 0.125
21 0.6171875 0.4722222222222222 0.090625 0.13333333333333333
21 0.6125 0.6361111111111111 0.0859375 0.1361111111111111
21 0.5546875 0.7180555555555556 0.0890625 0.13333333333333333
21 0.553125 0.5513888888888889 0.0921875 0.125
21 0.4953125 0.6319444444444444 0.0890625 0.13055555555555556
21 0.44375 0.7111111111111111 0.0859375 0.125
21 0.4984375 0.475 0.08125 0.1388888888888889
21 0.44140625 0.55 0.0875 0.13055555555555556
21 0.35859375 0.5444444444444444 0.0859375 0.125
21 0.4796875 0.3 0.08125 0.13055555555555556
21 0.428125 0.37916666666666665 0.090625 0.12777777777777777
21 0.425 0.2152777777777778 0.090625 0.13055555555555556
21 0.55703125 0.043055555555555555 0.090625 0.08611111111111111
21 0.365625 0.2972222222222222 0.0921875 0.1361111111111111
21 0.28671875 0.3763888888888889 0.0796875 0.11666666666666667