21 0.05078125 0.28055555555555556 0.0734375 0.1388888888888889
21 0.1625 0.10555555555555556 0.0765625 0.1388888888888889
21 0.20390625 0.17916666666666667 0.0640625 0.14722222222222223
21 0.2765625 0.19305555555555556 0.08125 0.11666666666666667
21 0.328125 0.2722222222222222 0.0796875 0.11666666666666667
21 0.2875 0.4444444444444444 0.0796875 0.11944444444444445
21 0.06484375 0.75 0.0734375 0.11666666666666667
21 0.1390625 0.7583333333333333 0.0765625 0.1111111111111111
21 0.21796875 0.7666666666666667 0.0796875 0.10555555555555556
21 0.3203125 0.7694444444444445 0.0703125 0.12777777777777777
21 0.428125 0.35833333333333334 0.078125 0.11666666666666667
21 0.47734375 0.2777777777777778 0.0875 0.125
21 0.57734375 0.2833333333333333 0.0796875 0.125
21 0.653125 0.20277777777777778 0.0859375 0.125
21 0.6046875 0.05138888888888889 0.0796875 0.10277777777777777
21 0.7109375 0.058333333333333334 0.078125 0.10277777777777777
21 0.7953125 0.13194444444444445 0.071875 0.11944444444444445
21 0.86015625 0.12083333333333333 0.065625 0.14166666666666666
21 0.8421875 0.2222222222222222 0.0765625 0.12222222222222222
21 0.79375 0.2875 0.0625 0.15
21 0.72265625 0.2861111111111111 0.084375 0.12777777777777777
21 0.66015625 0.3625 0.0671875 0.14444444444444443
21 0.69765625 0.45555555555555555 0.078125 0.1111111111111111
21 0.528125 0.4486111111111111 0.0890625 0.125
21 0.7703125 0.4486111111111111 0.075 0.13055555555555556
21 0.84296875 0.45416666666666666 0.065625 0.15555555555555556
21 0.42265625 0.8527777777777777 0.084375 0.125
21 0.48125 0.7777777777777778 0.0828125 0.12222222222222222
21 0.55546875 0.6986111111111111 0.0875 0.12222222222222222
21 0.79375 0.5486111111111112 0.06875 0.12777777777777777
21 0.83671875 0.6180555555555556 0.0671875 0.11666666666666667
21 0.74609375 0.6180555555555556 0.0765625 0.125
21 0.796875 0.7041666666666667 0.0828125 0.125
21 0.83984375 0.7736111111111111 0.0859375 0.1111111111111111
21 0.67734375 0.6986111111111111 0.0875 0.12777777777777777
21 0.725 0.7819444444444444 0.0796875 0.11944444444444445
21 0.67890625 0.8638888888888889 0.078125 0.11944444444444445
21 0.55625 0.8555555555555555 0.0875 0.11944444444444445
21 0.5 0.9333333333333333 0.084375 0.1111111111111111
21 0.63046875 0.9361111111111111 0.0796875 0.11388888888888889
21 0.73671875 0.9347222222222222 0.0828125 0.11388888888888889
21 0.834375 0.9236111111111112 0.0625 0.11666666666666667
21 0.778125 0.8486111111111111 0.0765625 0.125