21 0.11953125 0.2791666666666667 0.078125 0.11666666666666667
21 0.38671875 0.11805555555555555 0.0875 0.12777777777777777
21 0.4640625 0.28194444444444444 0.0921875 0.12777777777777777
21 0.58359375 0.28194444444444444 0.08125 0.125
21 0.89921875 0.15 0.0703125 0.1361111111111111
21 0.828125 0.14722222222222223 0.078125 0.11944444444444445
21 0.77890625 0.06388888888888888 0.078125 0.12777777777777777
21 0.7421875 0.13472222222222222 0.08125 0.12222222222222222
21 0.69453125 0.05694444444444444 0.08125 0.11388888888888889
21 0.6265625 0.12777777777777777 0.0859375 0.125
21 0.86328125 0.9277777777777778 0.0609375 0.12777777777777777
21 0.80859375 0.8611111111111112 0.0796875 0.11666666666666667
21 0.85859375 0.7777777777777778 0.0671875 0.11388888888888889
21 0.8171875 0.7083333333333334 0.078125 0.11944444444444445
21 0.84921875 0.6222222222222222 0.075 0.11666666666666667
21 0.89453125 0.39166666666666666 0.0625 0.11666666666666667
21 0.865625 0.3013888888888889 0.08125 0.13055555555555556
21 0.81640625 0.37916666666666665 0.0734375 0.11944444444444445
21 0.7671875 0.4652777777777778 0.078125 0.125
21 0.77734375 0.6194444444444445 0.0734375 0.14722222222222223
21 0.8546875 0.46805555555555556 0.0703125 0.12777777777777777
21 0.7671875 0.7875 0.0734375 0.125
21 0.72578125 0.7041666666666667 0.0765625 0.12222222222222222
21 0.6890625 0.7916666666666666 0.06875 0.15
21 0.63359375 0.8638888888888889 0.08125 0.11666666666666667
21 0.5875 0.9430555555555555 0.0796875 0.1111111111111111
21 0.47734375 0.9347222222222222 0.0734375 0.125
21 0.16015625 0.9166666666666666 0.0828125 0.1111111111111111
21 0.72734375 0.5416666666666666 0.08125 0.13055555555555556
21 0.74765625 0.2902777777777778 0.0765625 0.125
21 0.71484375 0.37916666666666665 0.078125 0.125
21 0.665625 0.4527777777777778 0.08125 0.12777777777777777
21 0.6171875 0.3736111111111111 0.0828125 0.13055555555555556
21 0.5125 0.4527777777777778 0.0890625 0.12777777777777777
21 0.38125 0.45 0.08125 0.13333333333333333
21 0.66953125 0.6180555555555556 0.084375 0.12777777777777777
21 0.5984375 0.6138888888888889 0.0671875 0.15833333333333333
21 0.525 0.6180555555555556 0.0875 0.12777777777777777
21 0.4984375 0.7430555555555556 0.06875 0.17222222222222222
21 0.6296875 0.7444444444444445 0.0671875 0.15833333333333333
21 0.56015625 0.7833333333333333 0.08125 0.125
21 0.428125 0.7777777777777778 0.0859375 0.125
21 0.371875 0.7 0.0859375 0.13333333333333333
21 0.44453125 0.6138888888888889 0.084375 0.11944444444444445