21 0.5300480769230769 0.49038461538461536 0.11778846153846154 0.11298076923076923
21 0.6598557692307693 0.4951923076923077 0.10336538461538461 0.10336538461538461
21 0.39783653846153844 0.4963942307692308 0.10817307692307693 0.11298076923076923
21 0.26802884615384615 0.4987980769230769 0.12259615384615384 0.1201923076923077
21 0.12259615384615384 0.4987980769230769 0.11538461538461539 0.11538461538461539
21 0.7944711538461539 0.5 0.11778846153846154 0.1201923076923077
21 0.3954326923076923 0.625 0.11057692307692307 0.11057692307692307
21 0.6610576923076923 0.6262019230769231 0.1201923076923077 0.10576923076923077
21 0.5228365384615384 0.6286057692307693 0.12259615384615384 0.11778846153846154
21 0.26802884615384615 0.6298076923076923 0.11538461538461539 0.11057692307692307
21 0.12620192307692307 0.6298076923076923 0.125 0.11538461538461539
21 0.7932692307692307 0.6298076923076923 0.10576923076923077 0.11298076923076923
21 0.7872596153846154 0.7572115384615384 0.1201923076923077 0.125
21 0.2704326923076923 0.7596153846153846 0.11057692307692307 0.11298076923076923
21 0.6574519230769231 0.7608173076923077 0.10096153846153846 0.11298076923076923
21 0.53125 0.7608173076923077 0.10096153846153846 0.12740384615384615
21 0.13581730769230768 0.7620192307692307 0.11778846153846154 0.125
21 0.4014423076923077 0.765625 0.11538461538461539 0.125
21 0.12860576923076922 0.23076923076923078 0.12980769230769232 0.11298076923076923
21 0.5288461538461539 0.23197115384615385 0.11538461538461539 0.1201923076923077
21 0.7956730769230769 0.234375 0.13221153846153846 0.11778846153846154
21 0.39302884615384615 0.23557692307692307 0.11057692307692307 0.10576923076923077
21 0.6634615384615384 0.23557692307692307 0.11298076923076923 0.11778846153846154
21 0.25841346153846156 0.23677884615384615 0.11778846153846154 0.11298076923076923
21 0.40384615384615385 0.3641826923076923 0.1201923076923077 0.11778846153846154
21 0.13221153846153846 0.3641826923076923 0.12980769230769232 0.11778846153846154
21 0.7884615384615384 0.36538461538461536 0.10576923076923077 0.10336538461538461
21 0.27403846153846156 0.36538461538461536 0.12259615384615384 0.1201923076923077
21 0.6622596153846154 0.36658653846153844 0.10576923076923077 0.11538461538461539
21 0.5336538461538461 0.36658653846153844 0.10096153846153846 0.10817307692307693