21 0.325 0.3977485928705441 0.16125 0.2176360225140713
21 0.476875 0.6941838649155723 0.18625 0.21388367729831145
21 0.656875 0.6575984990619137 0.1425 0.1894934333958724
21 0.676875 0.8245778611632271 0.16375 0.22326454033771106
21 0.875 0.6660412757973734 0.17125 0.20637898686679174
21 0.518125 0.2879924953095685 0.11125 0.1951219512195122
21 0.6525 0.29924953095684803 0.12375 0.18574108818011256
21 0.591875 0.36866791744840527 0.15125 0.12570356472795496
21 0.770625 0.33864915572232646 0.14125 0.16885553470919323
21 0.87875 0.26172607879924953 0.11375 0.1894934333958724
21 0.76 0.20544090056285177 0.11625 0.11444652908067542
21 0.8375 0.150093808630394 0.13625 0.15572232645403378