21 0.5381818181818182 0.13114754098360656 0.14909090909090908 0.20218579234972678
21 0.3145454545454546 0.7622950819672131 0.12727272727272726 0.30601092896174864
21 0.3981818181818182 0.819672131147541 0.12 0.22404371584699453
21 0.28545454545454546 0.43989071038251365 0.16 0.22950819672131148
21 0.4127272727272727 0.453551912568306 0.12363636363636364 0.22950819672131148
21 0.18545454545454546 0.22131147540983606 0.14181818181818182 0.2677595628415301
21 0.3181818181818182 0.273224043715847 0.13090909090909092 0.1912568306010929
21 0.10909090909090909 0.3224043715846995 0.11272727272727273 0.21311475409836064
21 0.19454545454545455 0.6038251366120219 0.16363636363636364 0.24043715846994534
21 0.07090909090909091 0.7021857923497268 0.14181818181818182 0.22950819672131148
21 0.09636363636363636 0.907103825136612 0.14909090909090908 0.18579234972677597
21 0.2781818181818182 0.9207650273224044 0.14909090909090908 0.14207650273224043
21 0.04363636363636364 0.5300546448087432 0.08727272727272728 0.26229508196721313