21 0.7963636363636364 0.8825136612021858 0.14909090909090908 0.17486338797814208
21 0.6690909090909091 0.912568306010929 0.09454545454545454 0.15300546448087432
21 0.5581818181818182 0.8770491803278688 0.13090909090909092 0.18032786885245902
21 0.43272727272727274 0.7431693989071039 0.12 0.18579234972677597
21 0.44545454545454544 0.6038251366120219 0.11272727272727273 0.13114754098360656
21 0.43454545454545457 0.4890710382513661 0.09090909090909091 0.12021857923497267
21 0.25636363636363635 0.5683060109289617 0.10545454545454545 0.13114754098360656
21 0.22 0.7185792349726776 0.10545454545454545 0.22950819672131148
21 0.3290909090909091 0.674863387978142 0.08727272727272728 0.14207650273224043
21 0.28 0.9016393442622951 0.13454545454545455 0.19672131147540983
21 0.6127272727272727 0.7622950819672131 0.10545454545454545 0.12021857923497267
21 0.5709090909090909 0.5983606557377049 0.09454545454545454 0.1366120218579235
21 0.4909090909090909 0.39344262295081966 0.10545454545454545 0.12021857923497267
21 0.3836363636363636 0.34153005464480873 0.08 0.1366120218579235
21 0.4072727272727273 0.23224043715846995 0.10909090909090909 0.1092896174863388
21 0.4690909090909091 0.16666666666666666 0.09454545454545454 0.1092896174863388
21 0.54 0.2978142076502732 0.09454545454545454 0.12021857923497267
21 0.6163636363636363 0.2568306010928962 0.08 0.13114754098360656
21 0.5945454545454546 0.45901639344262296 0.10545454545454545 0.13114754098360656
21 0.7127272727272728 0.7568306010928961 0.10181818181818182 0.15300546448087432
21 0.41454545454545455 0.8852459016393442 0.13090909090909092 0.17486338797814208