21 0.44405594405594406 0.41761363636363635 0.24475524475524477 0.45454545454545453
21 0.5979020979020979 0.6732954545454546 0.3146853146853147 0.3977272727272727
21 0.1590909090909091 0.7869318181818182 0.2867132867132867 0.42613636363636365
21 0.1048951048951049 0.2471590909090909 0.2062937062937063 0.4715909090909091
21 0.31993006993006995 0.17897727272727273 0.23776223776223776 0.35795454545454547
21 0.2517482517482518 0.4914772727272727 0.2202797202797203 0.3181818181818182
21 0.40034965034965037 0.8153409090909091 0.2097902097902098 0.3693181818181818
21 0.6765734265734266 0.2727272727272727 0.24125874125874125 0.4602272727272727
21 0.8811188811188811 0.24431818181818182 0.23076923076923078 0.48863636363636365
21 0.7534965034965035 0.8693181818181818 0.27972027972027974 0.26136363636363635
21 0.5209790209790209 0.09943181818181818 0.20279720279720279 0.19886363636363635