31 0.20636666666666664 0.22683962264150945 0.22646666666666665 0.301061320754717
31 0.725 0.6402594339622643 0.27745 0.4009433962264151
31 0.4558833333333333 0.4196698113207547 0.2353 0.3121462264150943
31 0.18626666666666666 0.5292688679245283 0.22156666666666666 0.36209905660377356
31 0.9088166666666666 0.34823113207547174 0.18234999999999998 0.32464622641509433
31 0.7009833333333333 0.3045283018867925 0.23136666666666666 0.23724056603773586
31 0.24214999999999998 0.8593160377358491 0.23921666666666666 0.28134433962264155
31 0.49706666666666666 0.8178301886792453 0.23333333333333334 0.35377358490566035
31 0.7460833333333333 0.9189858490566037 0.25098333333333334 0.1620518867924528
31 0.91225 0.8122877358490567 0.14608333333333334 0.3509905660377358
31 0.03136666666666667 0.31075471698113205 0.05686666666666666 0.3551650943396226