21 0.268018018018018 0.16299559471365638 0.11261261261261261 0.1277533039647577
21 0.20945945945945946 0.27312775330396477 0.10810810810810811 0.07929515418502203
21 0.1981981981981982 0.21365638766519823 0.009009009009009009 0.013215859030837005
21 0.31756756756756754 0.31938325991189426 0.12612612612612611 0.13656387665198239
21 0.3918918918918919 0.20704845814977973 0.11261261261261261 0.11013215859030837
21 0.4527027027027027 0.3832599118942731 0.13063063063063063 0.12334801762114538
21 0.5157657657657657 0.27312775330396477 0.11711711711711711 0.1013215859030837
21 0.581081081081081 0.45154185022026433 0.12612612612612611 0.1277533039647577
21 0.6238738738738738 0.31938325991189426 0.13063063063063063 0.11013215859030837
21 0.7004504504504504 0.5154185022026432 0.11711711711711711 0.1277533039647577
21 0.7680180180180181 0.3832599118942731 0.13063063063063063 0.12334801762114538
21 0.8986486486486487 0.43392070484581496 0.11711711711711711 0.14537444933920704
21 0.8400900900900901 0.5682819383259912 0.16666666666666666 0.12334801762114538