21 0.18666666666666668 0.08 0.11555555555555555 0.10222222222222223
21 0.30666666666666664 0.08888888888888889 0.08444444444444445 0.10666666666666667
21 0.3977777777777778 0.10888888888888888 0.10222222222222223 0.08444444444444445
21 0.2911111111111111 0.20222222222222222 0.1288888888888889 0.10666666666666667
21 0.18888888888888888 0.18666666666666668 0.10222222222222223 0.09333333333333334
21 0.27111111111111114 0.29777777777777775 0.09777777777777778 0.08888888888888889
21 0.3711111111111111 0.3022222222222222 0.12444444444444444 0.09333333333333334
21 0.3933333333333333 0.2111111111111111 0.09333333333333334 0.09333333333333334
21 0.48444444444444446 0.22 0.08 0.12444444444444444
21 0.5066666666666667 0.11777777777777777 0.07555555555555556 0.09333333333333334
21 0.5177777777777778 0.4066666666666667 0.08 0.09777777777777778
21 0.6022222222222222 0.3466666666666667 0.08888888888888889 0.07555555555555556
21 0.49333333333333335 0.5511111111111111 0.07111111111111111 0.10666666666666667
21 0.5422222222222223 0.62 0.08 0.09333333333333334
21 0.5888888888888889 0.4866666666666667 0.09333333333333334 0.08888888888888889
21 0.7355555555555555 0.36444444444444446 0.09777777777777778 0.09333333333333334
21 0.7066666666666667 0.5 0.09333333333333334 0.1111111111111111
21 0.6866666666666666 0.6444444444444445 0.08888888888888889 0.09333333333333334
21 0.7666666666666667 0.6 0.1111111111111111 0.09333333333333334
21 0.7955555555555556 0.45111111111111113 0.08 0.10222222222222223
21 0.6333333333333333 0.057777777777777775 0.07111111111111111 0.09777777777777778
21 0.7111111111111111 0.13111111111111112 0.1111111111111111 0.09777777777777778
21 0.78 0.07111111111111111 0.09333333333333334 0.11555555555555555
21 0.7688888888888888 0.20222222222222222 0.09333333333333334 0.10666666666666667
21 0.8422222222222222 0.12666666666666668 0.10222222222222223 0.10222222222222223
21 0.9044444444444445 0.22 0.10222222222222223 0.08888888888888889
21 0.8511111111111112 0.2866666666666667 0.09777777777777778 0.10222222222222223
21 0.9577777777777777 0.4022222222222222 0.08444444444444445 0.09777777777777778
21 0.9644444444444444 0.5044444444444445 0.07111111111111111 0.09777777777777778
21 0.9511111111111111 0.6088888888888889 0.08444444444444445 0.08444444444444445
21 0.14222222222222222 0.5577777777777778 0.10222222222222223 0.08888888888888889
21 0.24222222222222223 0.5577777777777778 0.10666666666666667 0.11555555555555555
21 0.12444444444444444 0.6511111111111111 0.10666666666666667 0.08
21 0.14444444444444443 0.7711111111111111 0.12 0.12
21 0.23555555555555555 0.7688888888888888 0.10222222222222223 0.11555555555555555
21 0.34444444444444444 0.7688888888888888 0.08888888888888889 0.09777777777777778
21 0.3333333333333333 0.6555555555555556 0.08888888888888889 0.10222222222222223
21 0.23777777777777778 0.6488888888888888 0.12 0.08
21 0.34 0.5577777777777778 0.08444444444444445 0.09777777777777778
21 0.13555555555555557 0.8733333333333333 0.14222222222222222 0.09333333333333334
21 0.23333333333333334 0.8711111111111111 0.09777777777777778 0.09333333333333334
21 0.13777777777777778 0.9577777777777777 0.11555555555555555 0.08444444444444445
21 0.23555555555555555 0.9577777777777777 0.07111111111111111 0.08444444444444445
21 0.34 0.8622222222222222 0.09777777777777778 0.09777777777777778
21 0.6311111111111111 0.8066666666666666 0.09777777777777778 0.11555555555555555
21 0.74 0.82 0.11555555555555555 0.13777777777777778
21 0.5888888888888889 0.8955555555555555 0.08888888888888889 0.11555555555555555
21 0.5222222222222223 0.9533333333333334 0.12 0.09333333333333334
21 0.7222222222222222 0.96 0.13777777777777778 0.08
21 0.82 0.86 0.10222222222222223 0.1111111111111111