23 0.310546875 0.9309895833333334 0.3310546875 0.9244791666666666 0.3427734375 0.9140625 0.357421875 0.89453125 0.3671875 0.8736979166666666 0.384765625 0.8216145833333334 0.396484375 0.7747395833333334 0.400390625 0.7174479166666666 0.3984375 0.71484375 0.396484375 0.6888020833333334 0.38671875 0.6575520833333334 0.3642578125 0.6223958333333334 0.3369140625 0.6015625 0.3310546875 0.6015625 0.3232421875 0.5963541666666666 0.2841796875 0.59375 0.2744140625 0.5989583333333334 0.2666015625 0.5989583333333334 0.2431640625 0.6119791666666666 0.2255859375 0.6276041666666666 0.212890625 0.64453125 0.19921875 0.67578125 0.19140625 0.70703125 0.189453125 0.76171875 0.19140625 0.7643229166666666 0.193359375 0.7981770833333334 0.201171875 0.8372395833333334 0.212890625 0.8684895833333334 0.224609375 0.8893229166666666 0.2412109375 0.9088541666666666 0.2646484375 0.9270833333333334 0.2783203125 0.9322916666666666
23 0.19921875 0.6731770833333334 0.20703125 0.65234375 0.2294921875 0.6223958333333334 0.2451171875 0.609375 0.2802734375 0.59375 0.3193359375 0.59375 0.330078125 0.5690104166666666 0.33984375 0.5247395833333334 0.337890625 0.47265625 0.333984375 0.45703125 0.322265625 0.4309895833333333 0.3056640625 0.4088541666666667 0.2919921875 0.3984375 0.2705078125 0.390625 0.2529296875 0.390625 0.2509765625 0.3932291666666667 0.2470703125 0.390625 0.2275390625 0.390625 0.2099609375 0.3958333333333333 0.1845703125 0.4114583333333333 0.171875 0.4283854166666667 0.162109375 0.44921875 0.154296875 0.4752604166666667 0.146484375 0.5221354166666666 0.150390625 0.5716145833333334 0.158203125 0.60546875 0.171875 0.6393229166666666 0.1904296875 0.6692708333333334 0.1962890625 0.6744791666666666
23 0.529296875 0.7278645833333334 0.5537109375 0.7213541666666666 0.5810546875 0.7005208333333334 0.58984375 0.6888020833333334 0.6015625 0.66796875 0.619140625 0.6263020833333334 0.62890625 0.5924479166666666 0.62890625 0.5794270833333334 0.6328125 0.5611979166666666 0.6328125 0.5091145833333334 0.626953125 0.48046875 0.619140625 0.45703125 0.603515625 0.4283854166666667 0.5908203125 0.4140625 0.5673828125 0.3984375 0.5498046875 0.3932291666666667 0.5068359375 0.3958333333333333 0.4736328125 0.4140625 0.4560546875 0.4322916666666667 0.443359375 0.4544270833333333 0.44140625 0.4622395833333333 0.43359375 0.47265625 0.423828125 0.4986979166666667 0.416015625 0.5481770833333334 0.416015625 0.5768229166666666 0.41796875 0.5794270833333334 0.416015625 0.5846354166666666 0.419921875 0.6106770833333334 0.427734375 0.6419270833333334 0.439453125 0.6705729166666666 0.4619140625 0.7005208333333334 0.4912109375 0.7239583333333334 0.5068359375 0.7291666666666666
23 0.7109375 0.5013020833333334 0.7353515625 0.4921875 0.7431640625 0.4869791666666667 0.751953125 0.4752604166666667 0.7578125 0.46484375 0.77734375 0.4075520833333333 0.798828125 0.3606770833333333 0.798828125 0.35546875 0.806640625 0.3372395833333333 0.8125 0.3033854166666667 0.810546875 0.23046875 0.806640625 0.20963541666666666 0.79296875 0.17838541666666666 0.7783203125 0.15625 0.7587890625 0.13802083333333334 0.7333984375 0.12239583333333333 0.7255859375 0.12239583333333333 0.7158203125 0.1171875 0.6708984375 0.11979166666666667 0.6689453125 0.12239583333333333 0.6591796875 0.12239583333333333 0.6337890625 0.13541666666666666 0.6279296875 0.14322916666666666 0.6220703125 0.14583333333333334 0.59375 0.18619791666666666 0.58203125 0.21744791666666666 0.572265625 0.26171875 0.572265625 0.2747395833333333 0.5703125 0.27734375 0.572265625 0.34765625 0.578125 0.3736979166666667 0.59375 0.4127604166666667 0.6279296875 0.4635416666666667 0.6611328125 0.4921875 0.6904296875 0.5026041666666666
23 0.892578125 0.6705729166666666 0.9033203125 0.6692708333333334 0.9423828125 0.6484375 0.982421875 0.5950520833333334 0.994140625 0.5559895833333334 0.994140625 0.5403645833333334 0.99609375 0.5377604166666666 0.994140625 0.48046875 0.98828125 0.45703125 0.98046875 0.4388020833333333 0.9580078125 0.40625 0.9482421875 0.3958333333333333 0.9169921875 0.375 0.8662109375 0.359375 0.8271484375 0.3645833333333333 0.8017578125 0.375 0.787109375 0.3893229166666667 0.763671875 0.44921875 0.763671875 0.4544270833333333 0.75390625 0.4752604166666667 0.7451171875 0.4869791666666667 0.7294921875 0.4973958333333333 0.69921875 0.5065104166666666 0.69140625 0.5455729166666666 0.69140625 0.5794270833333334 0.697265625 0.6028645833333334 0.70703125 0.6263020833333334 0.7255859375 0.6510416666666666 0.7529296875 0.6692708333333334 0.7958984375 0.6666666666666666 0.7978515625 0.6692708333333334 0.8330078125 0.6692708333333334 0.8349609375 0.671875
23 0.759765625 0.95703125 0.7744140625 0.9557291666666666 0.7978515625 0.9479166666666666 0.8134765625 0.9322916666666666 0.8330078125 0.9192708333333334 0.876953125 0.87109375 0.880859375 0.8606770833333334 0.880859375 0.8450520833333334 0.8828125 0.8424479166666666 0.880859375 0.80078125 0.876953125 0.7903645833333334 0.873046875 0.76171875 0.86328125 0.73046875 0.8447265625 0.703125 0.8310546875 0.6901041666666666 0.8115234375 0.6770833333333334 0.7900390625 0.6692708333333334 0.7763671875 0.6692708333333334 0.7744140625 0.671875 0.7431640625 0.6692708333333334 0.7412109375 0.671875 0.7294921875 0.671875 0.7060546875 0.6822916666666666 0.6201171875 0.7421875 0.607421875 0.76171875 0.6015625 0.79296875 0.6015625 0.8059895833333334 0.607421875 0.8216145833333334 0.611328125 0.8528645833333334 0.6171875 0.8684895833333334 0.6328125 0.89453125 0.6552734375 0.9192708333333334 0.6826171875 0.9401041666666666 0.7041015625 0.9505208333333334 0.7236328125 0.9557291666666666 0.7373046875 0.9557291666666666 0.7392578125 0.9583333333333334
23 0.55859375 0.99609375 0.5654296875 0.9921875 0.58984375 0.9596354166666666 0.599609375 0.9388020833333334 0.609375 0.90234375 0.611328125 0.85546875 0.6015625 0.8059895833333334 0.59375 0.7877604166666666 0.580078125 0.7643229166666666 0.5634765625 0.7447916666666666 0.5380859375 0.7291666666666666 0.5107421875 0.7317708333333334 0.4755859375 0.71875 0.4501953125 0.7291666666666666 0.4345703125 0.7395833333333334 0.4189453125 0.7552083333333334 0.400390625 0.7825520833333334 0.38671875 0.8138020833333334 0.369140625 0.87109375 0.369140625 0.8997395833333334 0.37109375 0.90234375 0.373046875 0.9283854166666666 0.38671875 0.9622395833333334 0.4072265625 0.9895833333333334 0.4189453125 0.9973958333333334
23 0.146484375 0.51953125 0.15234375 0.4830729166666667 0.158203125 0.4674479166666667 0.162109375 0.4466145833333333 0.17578125 0.4205729166666667 0.1865234375 0.4088541666666667 0.2021484375 0.3984375 0.2236328125 0.390625 0.2724609375 0.390625 0.2900390625 0.3984375 0.29296875 0.3971354166666667 0.29296875 0.3841145833333333 0.287109375 0.3528645833333333 0.287109375 0.33203125 0.2802734375 0.3203125 0.2548828125 0.296875 0.2294921875 0.2864583333333333 0.2119140625 0.2864583333333333 0.1962890625 0.2916666666666667 0.1806640625 0.3020833333333333 0.16015625 0.3268229166666667 0.146484375 0.3580729166666667 0.13671875 0.41015625 0.138671875 0.4986979166666667 0.140625 0.5091145833333334
23 0.162109375 0.32421875 0.1865234375 0.296875 0.2080078125 0.2864583333333333 0.2314453125 0.2864583333333333 0.2451171875 0.2942708333333333 0.2509765625 0.2942708333333333 0.2685546875 0.3072916666666667 0.2822265625 0.3229166666666667 0.2861328125 0.3229166666666667 0.291015625 0.2903645833333333 0.302734375 0.26171875 0.302734375 0.2513020833333333 0.29296875 0.22005208333333334 0.2705078125 0.1875 0.2529296875 0.17708333333333334 0.2119140625 0.17447916666666666 0.2001953125 0.1796875 0.1826171875 0.1953125 0.166015625 0.22005208333333334 0.158203125 0.24609375 0.158203125 0.25390625 0.154296875 0.2643229166666667 0.154296875 0.30859375 0.15625 0.3190104166666667
23 0.345703125 0.46484375 0.349609375 0.4622395833333333 0.3515625 0.4544270833333333 0.3515625 0.4361979166666667 0.357421875 0.4049479166666667 0.3671875 0.3815104166666667 0.3857421875 0.3567708333333333 0.4189453125 0.3359375 0.455078125 0.3294270833333333 0.455078125 0.3138020833333333 0.451171875 0.29296875 0.4296875 0.24609375 0.4052734375 0.22135416666666666 0.3935546875 0.21354166666666666 0.3779296875 0.20833333333333334 0.3525390625 0.2109375 0.3251953125 0.22916666666666666 0.302734375 0.26171875 0.294921875 0.2799479166666667 0.294921875 0.2877604166666667 0.2890625 0.3033854166666667 0.287109375 0.33984375 0.2890625 0.3424479166666667 0.2890625 0.36328125 0.294921875 0.38671875 0.294921875 0.3971354166666667 0.3203125 0.42578125 0.3359375 0.4596354166666667 0.3427734375 0.4661458333333333
23 0.41796875 0.5950520833333334 0.416015625 0.5872395833333334 0.416015625 0.54296875 0.421875 0.50390625 0.43359375 0.4700520833333333 0.44140625 0.4596354166666667 0.447265625 0.4440104166666667 0.4716796875 0.4140625 0.4912109375 0.4010416666666667 0.5126953125 0.3932291666666667 0.5224609375 0.3932291666666667 0.52734375 0.3893229166666667 0.5234375 0.37890625 0.5048828125 0.3567708333333333 0.4873046875 0.34375 0.4619140625 0.3333333333333333 0.4326171875 0.3333333333333333 0.4052734375 0.34375 0.3974609375 0.3515625 0.3935546875 0.3515625 0.369140625 0.37890625 0.357421875 0.4075520833333333 0.353515625 0.4283854166666667 0.3515625 0.47265625 0.359375 0.51171875 0.36328125 0.5169270833333334 0.373046875 0.5455729166666666 0.380859375 0.55859375 0.4091796875 0.59375
23 0.58984375 0.4075520833333333 0.572265625 0.3528645833333333 0.5703125 0.2747395833333333 0.580078125 0.22265625 0.591796875 0.18880208333333334 0.607421875 0.16276041666666666 0.6044921875 0.15885416666666666 0.5654296875 0.16145833333333334 0.5185546875 0.1875 0.498046875 0.21744791666666666 0.4921875 0.23307291666666666 0.486328125 0.26171875 0.48828125 0.30859375 0.5 0.34765625 0.5322265625 0.390625 0.5556640625 0.3932291666666667 0.5751953125 0.4010416666666667 0.5849609375 0.4088541666666667
23 0.087890625 0.6861979166666666 0.0986328125 0.6822916666666666 0.109375 0.6731770833333334 0.103515625 0.6471354166666666 0.10546875 0.6028645833333334 0.111328125 0.5794270833333334 0.119140625 0.5611979166666666 0.1298828125 0.5442708333333334 0.142578125 0.5325520833333334 0.142578125 0.51953125 0.1259765625 0.4947916666666667 0.1162109375 0.4869791666666667 0.0966796875 0.4817708333333333 0.0771484375 0.484375 0.0556640625 0.4973958333333333 0.037109375 0.5221354166666666 0.029296875 0.5455729166666666 0.025390625 0.5690104166666666 0.029296875 0.6184895833333334 0.03515625 0.6471354166666666 0.04296875 0.6653645833333334 0.0556640625 0.6822916666666666 0.0634765625 0.6875
23 0.111328125 0.48046875 0.1337890625 0.46875 0.13671875 0.4622395833333333 0.134765625 0.44921875 0.13671875 0.4440104166666667 0.13671875 0.4049479166666667 0.142578125 0.3815104166666667 0.142578125 0.37109375 0.154296875 0.3346354166666667 0.1435546875 0.3229166666666667 0.1181640625 0.3125 0.0810546875 0.3125 0.0615234375 0.3203125 0.0380859375 0.3411458333333333 0.0234375 0.3658854166666667 0.015625 0.3919270833333333 0.017578125 0.4309895833333333 0.0234375 0.4466145833333333 0.0302734375 0.4557291666666667 0.0361328125 0.4583333333333333 0.0537109375 0.4765625 0.0693359375 0.4817708333333333
23 0.80078125 0.3736979166666667 0.8408203125 0.359375 0.8564453125 0.359375 0.8583984375 0.3567708333333333 0.8779296875 0.359375 0.896484375 0.3216145833333333 0.908203125 0.28515625 0.912109375 0.2799479166666667 0.919921875 0.2513020833333333 0.923828125 0.22526041666666666 0.923828125 0.17057291666666666 0.91796875 0.14453125 0.91015625 0.12369791666666667 0.8974609375 0.1015625 0.8798828125 0.08333333333333333 0.8623046875 0.07291666666666667 0.8349609375 0.07291666666666667 0.8251953125 0.078125 0.7861328125 0.0859375 0.7666015625 0.09635416666666667 0.744140625 0.12109375 0.7451171875 0.12760416666666666 0.7548828125 0.1328125 0.7685546875 0.1484375 0.7744140625 0.15104166666666666 0.791015625 0.17317708333333334 0.802734375 0.19661458333333334 0.810546875 0.22005208333333334 0.814453125 0.30078125 0.806640625 0.3372395833333333 0.794921875 0.37109375 0.7958984375 0.375
23 0.9765625 0.3997395833333333 0.9921875 0.3736979166666667 1 0.3502604166666667 1 0.2565104166666667 0.9697265625 0.21614583333333334 0.9521484375 0.20572916666666666 0.9267578125 0.20052083333333334 0.91796875 0.26171875 0.896484375 0.32421875 0.880859375 0.3580729166666667 0.8876953125 0.3645833333333333 0.9013671875 0.3671875 0.9287109375 0.3802083333333333 0.9560546875 0.4010416666666667
23 0.90625 0.10807291666666667 0.908203125 0.06380208333333333 0.900390625 0.032552083333333336 0.8857421875 0.013020833333333334 0.8642578125 0 0.7958984375 0 0.7861328125 0.0078125 0.771484375 0.02734375 0.76171875 0.045572916666666664 0.75390625 0.07161458333333333 0.75390625 0.07682291666666667 0.7587890625 0.08072916666666667 0.7724609375 0.08072916666666667 0.7802734375 0.0859375 0.7900390625 0.0859375 0.8017578125 0.08072916666666667 0.8212890625 0.078125 0.8388671875 0.0703125 0.8623046875 0.0703125 0.8759765625 0.078125 0.9033203125 0.109375
23 1 0.99609375 0.9990234375 0.828125 0.9521484375 0.828125 0.9013671875 0.8489583333333334 0.8291015625 0.9244791666666666 0.8154296875 0.9348958333333334 0.8115234375 0.9348958333333334 0.796875 0.95703125 0.7890625 0.9830729166666666 0.7900390625 0.9973958333333334
23 0.888671875 0.85546875 0.9033203125 0.8463541666666666 0.9091796875 0.8463541666666666 0.9150390625 0.8411458333333334 0.9208984375 0.8411458333333334 0.9267578125 0.8359375 0.9404296875 0.8333333333333334 0.9482421875 0.828125 0.9580078125 0.828125 0.9599609375 0.8255208333333334 1 0.8268229166666666 0.9990234375 0.6145833333333334 0.9736328125 0.6145833333333334 0.9443359375 0.6484375 0.9306640625 0.6588541666666666 0.9072265625 0.6692708333333334 0.8876953125 0.671875 0.8857421875 0.6744791666666666 0.8564453125 0.6744791666666666 0.8515625 0.6783854166666666 0.845703125 0.6940104166666666 0.845703125 0.7018229166666666 0.861328125 0.7252604166666666 0.869140625 0.7434895833333334 0.875 0.7669270833333334 0.875 0.7799479166666666 0.8828125 0.8059895833333334 0.8828125 0.8502604166666666
23 0.60546875 0.7565104166666666 0.6181640625 0.7421875 0.6435546875 0.7265625 0.6611328125 0.7109375 0.7080078125 0.6796875 0.7119140625 0.6796875 0.716796875 0.6731770833333334 0.720703125 0.6575520833333334 0.720703125 0.6471354166666666 0.703125 0.62109375 0.69140625 0.5846354166666666 0.689453125 0.5559895833333334 0.69140625 0.5533854166666666 0.69140625 0.5325520833333334 0.697265625 0.5065104166666666 0.6923828125 0.5026041666666666 0.6826171875 0.5026041666666666 0.6630859375 0.4947916666666667 0.6376953125 0.4765625 0.6259765625 0.4635416666666667 0.623046875 0.46484375 0.623046875 0.4700520833333333 0.6328125 0.50390625 0.634765625 0.5455729166666666 0.6328125 0.5481770833333334 0.62890625 0.5950520833333334 0.623046875 0.6184895833333334 0.611328125 0.6497395833333334 0.595703125 0.6809895833333334 0.5712890625 0.7109375 0.544921875 0.7278645833333334 0.5458984375 0.7317708333333334 0.5595703125 0.7395833333333334 0.5771484375 0.7578125
23 0.181640625 0.93359375 0.197265625 0.8997395833333334 0.21484375 0.8736979166666666 0.203125 0.8450520833333334 0.19140625 0.7877604166666666 0.19140625 0.7747395833333334 0.189453125 0.7721354166666666 0.19140625 0.7018229166666666 0.1826171875 0.6848958333333334 0.1767578125 0.6848958333333334 0.158203125 0.7122395833333334 0.146484375 0.7408854166666666 0.140625 0.7669270833333334 0.138671875 0.80859375 0.140625 0.8111979166666666 0.140625 0.8294270833333334 0.1484375 0.86328125 0.169921875 0.91796875
23 0.140625 0.22526041666666666 0.1533203125 0.22395833333333334 0.1611328125 0.21875 0.171875 0.19921875 0.171875 0.18880208333333334 0.16796875 0.17578125 0.1591796875 0.1640625 0.1474609375 0.15885416666666666 0.1337890625 0.15885416666666666 0.1220703125 0.16666666666666666 0.111328125 0.18880208333333334 0.111328125 0.19921875 0.1181640625 0.21614583333333334
23 0.103515625 0.2981770833333333 0.1142578125 0.296875 0.126953125 0.2877604166666667 0.126953125 0.27734375 0.123046875 0.2721354166666667 0.12109375 0.26171875 0.123046875 0.23828125 0.1123046875 0.2265625 0.0966796875 0.2265625 0.0888671875 0.23177083333333334 0.080078125 0.24869791666666666 0.080078125 0.2591145833333333 0.0859375 0.2825520833333333 0.0927734375 0.2942708333333333 0.0986328125 0.2994791666666667
23 0.078125 0.2799479166666667 0.08203125 0.27734375 0.080078125 0.24869791666666666 0.0703125 0.23828125 0.0703125 0.22786458333333334 0.0673828125 0.22395833333333334 0.0576171875 0.22135416666666666 0.0458984375 0.22395833333333334 0.033203125 0.23567708333333334 0.03125 0.25390625 0.0439453125 0.2734375 0.0673828125 0.28125
23 0.099609375 0.19401041666666666 0.103515625 0.19140625 0.115234375 0.16796875 0.107421875 0.15494791666666666 0.107421875 0.12630208333333334 0.0986328125 0.1171875 0.0791015625 0.11979166666666667 0.068359375 0.13932291666666666 0.06640625 0.14973958333333334 0.068359375 0.17317708333333334 0.0849609375 0.1953125
23 0.18359375 0.19401041666666666 0.20703125 0.17317708333333334 0.212890625 0.13932291666666666 0.208984375 0.11848958333333333 0.1943359375 0.09635416666666667 0.1787109375 0.09635416666666667 0.1728515625 0.1015625 0.166015625 0.11067708333333333 0.158203125 0.13932291666666666 0.16015625 0.15755208333333334 0.1640625 0.17057291666666666 0.169921875 0.17838541666666666 0.169921875 0.18359375 0.1767578125 0.1953125
23 0.12109375 0.16796875 0.1337890625 0.15885416666666666 0.1455078125 0.15885416666666666 0.15625 0.14713541666666666 0.162109375 0.12109375 0.16796875 0.10807291666666667 0.16796875 0.09765625 0.1591796875 0.0859375 0.1376953125 0.08072916666666667 0.1240234375 0.09114583333333333 0.11328125 0.10807291666666667 0.107421875 0.12630208333333334 0.107421875 0.15494791666666666 0.1142578125 0.16666666666666666
23 0.21484375 0.13411458333333334 0.2275390625 0.12239583333333333 0.2333984375 0.12239583333333333 0.24609375 0.09244791666666667 0.244140625 0.055989583333333336 0.2314453125 0.041666666666666664 0.2119140625 0.044270833333333336 0.201171875 0.05859375 0.1953125 0.07421875 0.1953125 0.09505208333333333 0.20703125 0.11328125 0.2109375 0.12890625
23 0.265625 0.15234375 0.283203125 0.12369791666666667 0.2890625 0.10807291666666667 0.287109375 0.09765625 0.2724609375 0.08072916666666667 0.2607421875 0.08072916666666667 0.2490234375 0.08854166666666667 0.236328125 0.11588541666666667 0.2373046875 0.12239583333333333 0.2431640625 0.12239583333333333 0.2490234375 0.12760416666666666 0.2578125 0.13932291666666666 0.259765625 0.14973958333333334 0.2626953125 0.15364583333333334
23 0.25390625 0.17578125 0.259765625 0.16536458333333334 0.26171875 0.15494791666666666 0.2578125 0.13932291666666666 0.2490234375 0.12760416666666666 0.2431640625 0.12239583333333333 0.2275390625 0.12239583333333333 0.21484375 0.13411458333333334 0.208984375 0.15755208333333334 0.208984375 0.16796875 0.2119140625 0.17447916666666666
23 0.142578125 0.28515625 0.15234375 0.2799479166666667 0.158203125 0.24609375 0.162109375 0.23828125 0.162109375 0.23307291666666666 0.1533203125 0.22395833333333334 0.1435546875 0.22395833333333334 0.1337890625 0.22916666666666666 0.125 0.23828125 0.12109375 0.2513020833333333 0.123046875 0.26953125 0.126953125 0.2799479166666667 0.1318359375 0.2864583333333333
23 0.080078125 0.24869791666666666 0.0888671875 0.23177083333333334 0.0966796875 0.2265625 0.11328125 0.22526041666666666 0.11328125 0.21484375 0.1025390625 0.20052083333333334 0.0986328125 0.19791666666666666 0.0771484375 0.19791666666666666 0.072265625 0.20442708333333334 0.068359375 0.22005208333333334 0.0703125 0.23828125
23 0.1953125 0.07421875 0.205078125 0.05078125 0.21484375 0.04296875 0.216796875 0.016927083333333332 0.2060546875 0 0.1767578125 0 0.169921875 0.009114583333333334 0.162109375 0.02734375 0.16015625 0.061197916666666664 0.1708984375 0.07291666666666667
23 0.25 0.06380208333333333 0.2734375 0.032552083333333336 0.2548828125 0 0.2275390625 0 0.216796875 0.016927083333333332 0.216796875 0.040364583333333336 0.2353515625 0.044270833333333336
23 0.025390625 0.23828125 0.0302734375 0.23697916666666666 0.037109375 0.22526041666666666 0.037109375 0.18880208333333334 0.0322265625 0.1796875 0.0146484375 0.17708333333333334 0 0.18880208333333334 0 0.22265625 0.0087890625 0.2265625 0.0205078125 0.23958333333333334
23 0.158203125 0.055989583333333336 0.162109375 0.029947916666666668 0.1494140625 0.013020833333333334 0.1357421875 0.010416666666666666 0.1259765625 0.015625 0.1171875 0.02734375 0.1181640625 0.03125 0.1240234375 0.03125 0.126953125 0.03515625 0.1259765625 0.049479166666666664 0.1298828125 0.049479166666666664 0.1376953125 0.036458333333333336 0.1435546875 0.036458333333333336 0.138671875 0.045572916666666664 0.138671875 0.05078125 0.1533203125 0.049479166666666664