21 0.4895833333333333 0.1588235294117647 0.18333333333333332 0.27058823529411763
21 0.475 0.4411764705882353 0.175 0.3058823529411765
21 0.3375 0.36764705882352944 0.1625 0.2647058823529412
21 0.3229166666666667 0.6264705882352941 0.16666666666666666 0.2823529411764706
21 0.475 0.7029411764705882 0.19583333333333333 0.2647058823529412
21 0.49166666666666664 0.9117647058823529 0.17916666666666667 0.17647058823529413
21 0.32708333333333334 0.8529411764705882 0.15416666666666667 0.24705882352941178
21 0.1875 0.7794117647058824 0.14583333333333334 0.23529411764705882
21 0.18333333333333332 0.5647058823529412 0.14583333333333334 0.2823529411764706
21 0.06041666666666667 0.7 0.12083333333333333 0.21176470588235294
21 0.6375 0.5852941176470589 0.17083333333333334 0.2647058823529412
21 0.65625 0.8352941176470589 0.15416666666666667 0.27058823529411763
21 0.6354166666666666 0.3323529411764706 0.17083333333333334 0.27058823529411763
21 0.775 0.5323529411764706 0.15416666666666667 0.27058823529411763
21 0.90625 0.6764705882352942 0.15416666666666667 0.2235294117647059
21 0.775 0.7676470588235295 0.15 0.25882352941176473