21 0.7127272727272728 0.25136612021857924 0.13454545454545455 0.20765027322404372
21 0.730909090909091 0.453551912568306 0.15272727272727274 0.18032786885245902
21 0.68 0.6147540983606558 0.12363636363636364 0.20218579234972678
21 0.5781818181818181 0.6775956284153005 0.13090909090909092 0.2185792349726776
21 0.44363636363636366 0.6693989071038251 0.14181818181818182 0.18032786885245902
21 0.36 0.4918032786885246 0.15272727272727274 0.24043715846994534
21 0.48363636363636364 0.4972677595628415 0.12727272727272726 0.20765027322404372
21 0.5963636363636363 0.46994535519125685 0.12 0.22404371584699453
21 0.3690909090909091 0.33060109289617484 0.16363636363636364 0.15846994535519127
21 0.49636363636363634 0.36885245901639346 0.10181818181818182 0.09836065573770492
21 0.62 0.3442622950819672 0.13818181818181818 0.16939890710382513
21 0.5127272727272727 0.23497267759562843 0.14909090909090908 0.18579234972677597