21 0.28185328185328185 0.6082474226804123 0.12355212355212356 0.20103092783505155
21 0.23552123552123552 0.7783505154639175 0.14671814671814673 0.20618556701030927
21 0.30694980694980695 0.42783505154639173 0.14285714285714285 0.20103092783505155
21 0.333976833976834 0.23711340206185566 0.12355212355212356 0.18041237113402062
21 0.4015444015444015 0.1056701030927835 0.13127413127413126 0.18041237113402062
21 0.5212355212355212 0.2422680412371134 0.15444015444015444 0.2422680412371134
21 0.4613899613899614 0.4175257731958763 0.15057915057915058 0.17525773195876287
21 0.4362934362934363 0.595360824742268 0.138996138996139 0.18556701030927836
21 0.5714285714285714 0.5721649484536082 0.13127413127413126 0.1958762886597938
21 0.611969111969112 0.4072164948453608 0.138996138996139 0.18556701030927836
21 0.6621621621621622 0.2422680412371134 0.13127413127413126 0.20103092783505155
21 0.722007722007722 0.5592783505154639 0.16216216216216217 0.1958762886597938
21 0.5328185328185329 0.7448453608247423 0.14285714285714285 0.20103092783505155
21 0.7837837837837838 0.37628865979381443 0.14285714285714285 0.23711340206185566
21 0.88996138996139 0.5309278350515464 0.14671814671814673 0.20618556701030927
21 0.09266409266409266 0.4252577319587629 0.11969111969111969 0.20103092783505155