21 0.6777777777777778 0.3466666666666667 0.3111111111111111 0.3111111111111111
21 0.9066666666666666 0.37555555555555553 0.18666666666666668 0.28888888888888886
21 0.10222222222222223 0.4488888888888889 0.20444444444444446 0.28444444444444444
21 0.33555555555555555 0.09777777777777778 0.28888888888888886 0.19555555555555557
21 0.4088888888888889 0.5 0.31555555555555553 0.28
21 0.6311111111111111 0.14444444444444443 0.28 0.2311111111111111
21 0.6422222222222222 0.5933333333333334 0.24444444444444444 0.21333333333333335
21 0.12 0.7355555555555555 0.23555555555555555 0.25333333333333335
21 0.5577777777777778 0.8466666666666667 0.29777777777777775 0.26666666666666666
21 0.28888888888888886 0.8711111111111111 0.27111111111111114 0.24888888888888888
21 0.88 0.6511111111111111 0.24 0.26222222222222225