21 0.4329710144927536 0.31693989071038253 0.11956521739130435 0.24043715846994534
21 0.34057971014492755 0.33060109289617484 0.12318840579710146 0.25136612021857924
21 0.29528985507246375 0.5273224043715847 0.14130434782608695 0.1912568306010929
21 0.4257246376811594 0.5327868852459017 0.13405797101449277 0.1912568306010929
21 0.5579710144927537 0.592896174863388 0.13043478260869565 0.21311475409836064
21 0.3170289855072464 0.6967213114754098 0.14130434782608695 0.21311475409836064
21 0.5561594202898551 0.24863387978142076 0.12318840579710146 0.20218579234972678
21 0.5416666666666666 0.4207650273224044 0.11231884057971014 0.20765027322404372
21 0.6992753623188406 0.366120218579235 0.12318840579710146 0.20765027322404372
21 0.7246376811594203 0.226775956284153 0.11231884057971014 0.15846994535519127
21 0.8061594202898551 0.34153005464480873 0.10144927536231885 0.14754098360655737
21 0.802536231884058 0.5081967213114754 0.17753623188405798 0.1912568306010929