21 0.5 0.5062893081761006 0.13522012578616352 0.3333333333333333
21 0.3018867924528302 0.5345911949685535 0.12578616352201258 0.3522012578616352
21 0.07861635220125786 0.5094339622641509 0.1509433962264151 0.27044025157232704
21 0.2688679245283019 0.1540880503144654 0.12578616352201258 0.3081761006289308
21 0.4858490566037736 0.10377358490566038 0.16352201257861634 0.20125786163522014
21 0.11006289308176101 0.08176100628930817 0.14150943396226415 0.15723270440251572
21 0.6965408805031447 0.13522012578616352 0.14779874213836477 0.27044025157232704
21 0.9119496855345912 0.1540880503144654 0.13522012578616352 0.3018867924528302
21 0.7484276729559748 0.559748427672956 0.1289308176100629 0.36477987421383645
21 0.9371069182389937 0.5408805031446541 0.12578616352201258 0.2578616352201258
21 0.11949685534591195 0.9025157232704403 0.1540880503144654 0.1949685534591195
21 0.3632075471698113 0.8836477987421384 0.1289308176100629 0.23270440251572327
21 0.5911949685534591 0.8836477987421384 0.14465408805031446 0.1949685534591195
21 0.8081761006289309 0.9119496855345912 0.13836477987421383 0.1761006289308176