21 0.7488888888888889 0.76 0.28 0.30666666666666664
21 0.5533333333333333 0.7333333333333333 0.2222222222222222 0.28444444444444444
21 0.2911111111111111 0.6311111111111111 0.21777777777777776 0.24888888888888888
21 0.13555555555555557 0.5911111111111111 0.20444444444444446 0.19555555555555557
21 0.3466666666666667 0.29777777777777775 0.19555555555555557 0.2222222222222222
21 0.29555555555555557 0.47555555555555556 0.17777777777777778 0.15555555555555556
21 0.5088888888888888 0.5244444444444445 0.19555555555555557 0.21333333333333335
21 0.7155555555555555 0.5644444444444444 0.21333333333333335 0.2
21 0.6355555555555555 0.4 0.1688888888888889 0.20444444444444446
21 0.8311111111111111 0.46444444444444444 0.18222222222222223 0.2311111111111111
21 0.20222222222222222 0.4088888888888889 0.13777777777777778 0.19111111111111112