21 0.36727272727272725 0.2650273224043716 0.16 0.28415300546448086
21 0.5636363636363636 0.2923497267759563 0.1709090909090909 0.28415300546448086
21 0.7527272727272727 0.28415300546448086 0.20363636363636364 0.273224043715847
21 0.9272727272727272 0.30327868852459017 0.14545454545454545 0.25136612021857924
21 0.7509090909090909 0.5437158469945356 0.2 0.26229508196721313
21 0.9272727272727272 0.5765027322404371 0.14545454545454545 0.2677595628415301
21 0.9109090909090909 0.8524590163934426 0.1781818181818182 0.28415300546448086
21 0.7345454545454545 0.819672131147541 0.15636363636363637 0.273224043715847
21 0.5690909090909091 0.8169398907103825 0.16363636363636364 0.2459016393442623
21 0.5618181818181818 0.5683060109289617 0.18181818181818182 0.24043715846994534
21 0.3781818181818182 0.5327868852459017 0.1709090909090909 0.22950819672131148
21 0.3781818181818182 0.7950819672131147 0.1781818181818182 0.26229508196721313
21 0.2 0.7896174863387978 0.16 0.2568306010928962
21 0.20545454545454545 0.5218579234972678 0.1709090909090909 0.28415300546448086
21 0.2 0.2540983606557377 0.19272727272727272 0.25136612021857924
21 0.06 0.27049180327868855 0.11272727272727273 0.28415300546448086
21 0.06 0.5245901639344263 0.12 0.26229508196721313
21 0.06181818181818182 0.7786885245901639 0.12363636363636364 0.273224043715847
21 0.22181818181818183 0.07103825136612021 0.15272727272727274 0.12568306010928962
21 0.39090909090909093 0.07923497267759563 0.16 0.15846994535519127
21 0.5654545454545454 0.07923497267759563 0.16 0.15846994535519127
21 0.7436363636363637 0.07650273224043716 0.1709090909090909 0.14754098360655737
21 0.9181818181818182 0.07923497267759563 0.16363636363636364 0.15846994535519127