21 0.2773972602739726 0.8430232558139535 0.136986301369863 0.22093023255813954
21 0.363013698630137 0.752906976744186 0.10273972602739725 0.1686046511627907
21 0.4229452054794521 0.6686046511627907 0.1095890410958904 0.18023255813953487
21 0.5154109589041096 0.5726744186046512 0.1232876712328767 0.19186046511627908
21 0.6095890410958904 0.6831395348837209 0.11643835616438356 0.19186046511627908
21 0.7363013698630136 0.7093023255813954 0.136986301369863 0.20930232558139536
21 0.839041095890411 0.6976744186046512 0.11643835616438356 0.18023255813953487
21 0.8407534246575342 0.47093023255813954 0.1232876712328767 0.19767441860465115
21 0.696917808219178 0.46511627906976744 0.1506849315068493 0.19186046511627908
21 0.5 0.436046511627907 0.1404109589041096 0.11627906976744186
21 0.5102739726027398 0.3372093023255814 0.1095890410958904 0.12209302325581395
21 0.5821917808219178 0.29651162790697677 0.08561643835616438 0.1511627906976744
21 0.6592465753424658 0.2877906976744186 0.06506849315068493 0.1686046511627907
21 0.7482876712328768 0.2761627906976744 0.08561643835616438 0.1569767441860465
21 0.827054794520548 0.31976744186046513 0.09931506849315068 0.09883720930232558
21 0.8732876712328768 0.37790697674418605 0.09931506849315068 0.1569767441860465
21 0.3424657534246575 0.5203488372093024 0.1267123287671233 0.16279069767441862
21 0.22773972602739725 0.5523255813953488 0.11986301369863013 0.1569767441860465
21 0.1404109589041096 0.45058139534883723 0.08904109589041095 0.14534883720930233
21 0.285958904109589 0.4418604651162791 0.10616438356164383 0.12790697674418605
21 0.2928082191780822 0.34011627906976744 0.10273972602739725 0.13953488372093023
21 0.3852739726027397 0.34011627906976744 0.08904109589041095 0.13372093023255813