21 0.4083333333333333 0.23809523809523808 0.16333333333333333 0.26785714285714285
21 0.5666666666666667 0.25892857142857145 0.14666666666666667 0.26785714285714285
21 0.7283333333333334 0.30357142857142855 0.15666666666666668 0.26785714285714285
21 0.5716666666666667 0.5 0.13666666666666666 0.24404761904761904
21 0.6833333333333333 0.6666666666666666 0.14 0.2976190476190476
21 0.555 0.8184523809523809 0.15 0.25
21 0.41333333333333333 0.9077380952380952 0.18333333333333332 0.18452380952380953
21 0.3016666666666667 0.7113095238095238 0.12 0.27976190476190477
21 0.135 0.5535714285714286 0.16666666666666666 0.2619047619047619
21 0.22166666666666668 0.2976190476190476 0.15 0.30952380952380953
21 0.075 0.3898809523809524 0.1 0.20238095238095238
21 0.175 0.7261904761904762 0.12 0.25
21 0.14666666666666667 0.20535714285714285 0.12 0.20238095238095238
21 0.25333333333333335 0.49404761904761907 0.13 0.20238095238095238
21 0.39 0.43154761904761907 0.15 0.20238095238095238