21 0.38917525773195877 0.20463320463320464 0.15463917525773196 0.14285714285714285
21 0.5309278350515464 0.20463320463320464 0.12371134020618557 0.1274131274131274
21 0.6597938144329897 0.2084942084942085 0.11855670103092783 0.13127413127413126
21 0.7577319587628866 0.277992277992278 0.15979381443298968 0.1274131274131274
21 0.8350515463917526 0.3687258687258687 0.211340206185567 0.10038610038610038
21 0.8762886597938144 0.4691119691119691 0.17525773195876287 0.0888030888030888
21 0.8865979381443299 0.581081081081081 0.17525773195876287 0.11196911196911197
21 0.8402061855670103 0.6718146718146718 0.2268041237113402 0.10810810810810811
21 0.2551546391752577 0.2335907335907336 0.16494845360824742 0.12355212355212356
21 0.14175257731958762 0.3108108108108108 0.211340206185567 0.1274131274131274
21 0.12628865979381443 0.42277992277992277 0.211340206185567 0.10038610038610038
21 0.09278350515463918 0.5231660231660231 0.17525773195876287 0.10424710424710425
21 0.13402061855670103 0.6447876447876448 0.15979381443298968 0.11196911196911197
21 0.15721649484536082 0.7258687258687259 0.2268041237113402 0.13127413127413126
21 0.3015463917525773 0.7953667953667953 0.15979381443298968 0.09652509652509653
21 0.42010309278350516 0.8301158301158301 0.13402061855670103 0.16988416988416988
21 0.5592783505154639 0.8397683397683398 0.15463917525773196 0.11969111969111969
21 0.6623711340206185 0.7857142857142857 0.12371134020618557 0.09266409266409266
21 0.7783505154639175 0.7567567567567568 0.18556701030927836 0.14671814671814673