21 0.2966666666666667 0.2648809523809524 0.06333333333333334 0.14285714285714285
21 0.25166666666666665 0.34226190476190477 0.06666666666666667 0.10714285714285714
21 0.2 0.35119047619047616 0.04666666666666667 0.13095238095238096
21 0.11 0.5386904761904762 0.06333333333333334 0.16666666666666666
21 0.16333333333333333 0.6041666666666666 0.056666666666666664 0.1488095238095238
21 0.225 0.6696428571428571 0.07 0.19047619047619047
21 0.225 0.47619047619047616 0.06333333333333334 0.125
21 0.32166666666666666 0.7619047619047619 0.09 0.14285714285714285
21 0.40166666666666667 0.8660714285714286 0.06333333333333334 0.14285714285714285
21 0.4633333333333333 0.9345238095238095 0.09333333333333334 0.13095238095238096
21 0.5483333333333333 0.9255952380952381 0.07333333333333333 0.1488095238095238
21 0.645 0.9226190476190477 0.07 0.15476190476190477
21 0.6466666666666666 0.8065476190476191 0.07333333333333333 0.1130952380952381
21 0.7433333333333333 0.5744047619047619 0.07666666666666666 0.16666666666666666
21 0.715 0.7678571428571429 0.08666666666666667 0.1488095238095238
21 0.8516666666666667 0.4494047619047619 0.07333333333333333 0.16666666666666666
21 0.8283333333333334 0.5863095238095238 0.09 0.10714285714285714