21 0.1509090909090909 0.11748633879781421 0.2 0.21311475409836064
21 0.2781818181818182 0.31420765027322406 0.17454545454545456 0.2677595628415301
21 0.46 0.366120218579235 0.1709090909090909 0.25136612021857924
21 0.5472727272727272 0.11748633879781421 0.19272727272727272 0.22950819672131148
21 0.5872727272727273 0.6256830601092896 0.16727272727272727 0.31693989071038253
21 0.6818181818181818 0.8715846994535519 0.2 0.25136612021857924
21 0.7781818181818182 0.6120218579234973 0.16727272727272727 0.2677595628415301
21 0.9309090909090909 0.6857923497267759 0.13454545454545455 0.2786885245901639
21 0.9145454545454546 0.40437158469945356 0.15636363636363637 0.30601092896174864
21 0.7709090909090909 0.36065573770491804 0.15636363636363637 0.28415300546448086
21 0.88 0.16393442622950818 0.20727272727272728 0.2185792349726776