6 0.269 0.207 0.102 0.106
6 0.644 0.215 0.056 0.09
6 0.357 0.223 0.074 0.102
6 0.59 0.229 0.088 0.118
6 0.098 0.243 0.072 0.054
6 0.42 0.245 0.084 0.098
6 0.743 0.261 0.086 0.09
6 0.168 0.267 0.064 0.05
6 0.676 0.277 0.092 0.11
6 0.212 0.318 0.088 0.112
6 0.129 0.322 0.09 0.108
6 0.948 0.342 0.068 0.044
6 0.78 0.357 0.084 0.09
6 0.162 0.371 0.084 0.07
6 0.973 0.512 0.054 0.088
6 0.984 0.555 0.032 0.094
6 0.71 0.567 0.06 0.062
6 0.612 0.608 0.06 0.08
6 0.749 0.63 0.086 0.092
6 0.671 0.652 0.09 0.096
6 0.975 0.74 0.038 0.064
6 0.619 0.768 0.082 0.084
6 0.472 0.784 0.06 0.052
6 0.536 0.784 0.06 0.052
6 0.427 0.825 0.078 0.09
6 0.505 0.848 0.086 0.092
6 0.584 0.852 0.084 0.088
6 0.283 0.134 0.098 0.084
6 0.376 0.137 0.092 0.098
6 0.458 0.137 0.092 0.074
6 0.448 0.191 0.092 0.09