6 0.4306640625 0.31140350877192985 0.150390625 0.2309941520467836
6 0.3291015625 0.3391812865497076 0.130859375 0.23391812865497075
6 0.6376953125 0.36257309941520466 0.130859375 0.14035087719298245
6 0.1904296875 0.3757309941520468 0.126953125 0.2134502923976608
6 0.5185546875 0.3815789473684211 0.130859375 0.19005847953216373
6 0.62890625 0.49415204678362573 0.16015625 0.21637426900584794
6 0.4130859375 0.5043859649122807 0.146484375 0.2309941520467836
6 0.2685546875 0.5263157894736842 0.154296875 0.23976608187134502
6 0.5234375 0.6301169590643275 0.16015625 0.24269005847953215
6 0.2841796875 0.685672514619883 0.115234375 0.14912280701754385
6 0.65625 0.6871345029239766 0.15234375 0.21052631578947367
6 0.390625 0.6988304093567251 0.1484375 0.21052631578947367
6 0.4287109375 0.8099415204678363 0.115234375 0.1111111111111111
6 0.53515625 0.8128654970760234 0.1484375 0.18128654970760233
6 0.4169921875 0.11988304093567251 0.158203125 0.1871345029239766
6 0.5283203125 0.15058479532163743 0.080078125 0.07894736842105263
6 0.669921875 0.2149122807017544 0.1484375 0.21929824561403508
6 0.3037109375 0.22953216374269006 0.134765625 0.19005847953216373